,,,,,,,,,,,,,,,
,Treecko,,Learnset,,Grovyle,,Learnset,,Sceptile,,Learnset,,,,
,,,1 - Pound,,,,1 - Pound,,,,1 - Fake Out,,,,
,,,1 - Leer,,,,1 - Leer,,,,1 - Pound,,,,
,,,6 - Absorb,,,,6 - Absorb,,,,1 - Leer,,,,
,,,11 - Quick Attack,,,,11 - Quick Attack,,,,6 - Absorb,,,,
,,,14 - Pursuit,,,,14 - Pursuit,,,,11 - Quick Attack,,,,
,GRASS,,18 - Mega Drain,,GRASS,DRAGON,18 - Mega Drain,,GRASS,DRAGON,14 - Pursuit,,,,
,Ability 1,Technician,21 - Twister,,Ability 1,Technician,21 - Twister,,Ability 1,Technician,18 - Mega Drain,,,,
,Ability 2,Overgrow,24 - Razor Leaf,,Ability 2,Overgrow,24 - Razor Leaf,,Ability 2,Overgrow,21 - Twister,,,,
,Base Stats,,27 - DragonBreath,,Base Stats,,27 - DragonBreath,,Base Stats,,24 - Razor Leaf,,,,
,HP,40,32 - Giga Drain,,HP,50,32 - Giga Drain,,HP,70,27 - DragonBreath,,,,
,Attack,60(+15),36 - Dragon Claw,,Attack,85(+20),36 - Dragon Claw,,Attack,105(+20),32 - Giga Drain,,,,
,Defense,35,36 - Dragon Pulse,,Defense,55,36 - Dragon Pulse,,Defense,65,36 - Dragon Claw,,,,
,Special Attack,65,42 - Leaf Blade,,Special Attack,85,42 - Leaf Blade,,Special Attack,105,36 - Dragon Pulse,,,,
,Special Defense,55,42 - Energy Ball,,Special Defense,65,42 - Energy Ball,,Special Defense,85,42 - Leaf Blade,,,,
,Speed,70,65 - Leaf Storm,,Speed,100(+5),65 - Leaf Storm,,Speed,120,42 - Energy Ball,,,,
,,,65 - Draco Meteor,,Evolves at level 16.,,65 - Draco Meteor,,Evolves at level 36.,,65 - Leaf Storm,,,,
,,,75 - Dual Chop,,,,75 - Dual Chop,,"Now learns TM19, TM77, TM89",,65 - Draco Meteor,,,,
,,,,,,,,,,,75 - Dual Chop,,,,
,,,,,,,,,,,,,,,
,,,,,,,,,,,,,,,
,Torchic,,Learnset,,Combusken,,Learnset,,Blaziken,,Learnset,,,,
,,,1 - Scratch,,,,1 - Scratch,,,,1 - Scratch,,,,
,,,1 - FeatherDance,,,,1 - FeatherDance,,,,1 - FeatherDance,,,,
,,,1 - Ember,,,,1 - Ember,,,,1 - Ember,,,,
,,,7 - Peck,,,,7 - Peck,,,,7 - Peck,,,,
,,,13 - Flame Wheel,,,,13 - Flame Wheel,,,,13 - Flame Wheel,,,,
,FIRE,,16 - Double Kick,,FIRE,FIGHTING,16 - Double Kick,,FIRE,FIGHTING,16 - Double Kick,,,,
,Ability 1,Blaze,21 - Brick Break,,Ability 1,Blaze,21 - Brick Break,,Ability 1,Blaze,21 - Brick Break,,,,
,Ability 2,Reckless,25 - Fire Punch,,Ability 2,Reckless,25 - Fire Punch,,Ability 2,Reckless,25 - Fire Punch,,,,
,Base Stats,,27 - ThunderPunch,,Base Stats,,27 - ThunderPunch,,Base Stats,,27 - ThunderPunch,,,,
,HP,45,32 - Sky Uppercut,,HP,60,32 - Sky Uppercut,,HP,85(+5),32 - Sky Uppercut,,,,
,Attack,70(+10),36 - Blaze Kick,,Attack,95(+10),36 - Blaze Kick,,Attack,130(+10),36 - Blaze Kick,,,,
,Defense,50(+10),42 - Submission,,Defense,70(+10),42 - Submission,,Defense,85(+15),42 - Submission,,,,
,Special Attack,50(-20),50 - Jump Kick,,Special Attack,65(-20),50 - Jump Kick,,Special Attack,75(-35),50 - Jump Kick,,,,
,Special Defense,50,60 - Close Combat,,Special Defense,70(+10),60 - Close Combat,,Special Defense,85(+15),60 - Close Combat,,,,
,Speed,60(+15),62 - Brave Bird,,Speed,80(+25),62 - Brave Bird,,Speed,90(+10),62 - Brave Bird,,,,
,,,66 - Flare Blitz,,Evolves at level 16.,,66 - Flare Blitz,,Evolves at level 36.,,66 - Flare Blitz,,,,
,,,70 - Detect,,,,70 - Detect,,Now learns TM88,,70 - Detect,,,,
,,,80 - Reversal,,,,80 - Reversal,,,,80 - Reversal,,,,
,,,,,,,,,,,,,,,
,,,,,,,,,,,,,,,
,Mudkip,,Learnset,,Marshtomp,,Learnset,,Swampert,,Learnset,,,,
,,,1 - Tackle,,,,1 - Tackle,,,,1 - Tackle,,,,
,,,1 - Growl,,,,1 - Growl,,,,1 - Growl,,,,
,,,1 - Mud Slap,,,,1 - Mud Slap,,,,1 - Mud Slap,,,,
,,,1 - Water Gun,,,,1 - Water Gun,,,,1 - Water Gun,,,,
,,,7 - Aqua Jet,,,,7 - Aqua Jet,,,,7 - Aqua Jet,,,,
,WATER,,10 - BubbleBeam,,WATER,GROUND,10 - BubbleBeam,,WATER,GROUND,10 - BubbleBeam,,,,
,Ability 1,Water Absorb,16 - Bulldoze,,Ability 1,Water Absorb,16 - Bulldoze,,Ability 1,Water Absorb,16 - Bulldoze,,,,
,Ability 2,Damp,20 - Rock Slide,,Ability 2,Damp,20 - Rock Slide,,Ability 2,Damp,20 - Rock Slide,,,,
,Base Stats,,23 - Dive,,Base Stats,,23 - Dive,,Base Stats,,23 - Dive,,,,
,HP,60(+10),25 - Dig,,HP,90(+20),25 - Dig,,HP,110(+10),25 - Dig,,,,
,Attack,75(+5),31 - Ice Punch,,Attack,90(+5),31 - Ice Punch,,Attack,115(+5),31 - Ice Punch,,,,
,Defense,50,36 - Waterfall,,Defense,75(+5),36 - Waterfall,,Defense,90,36 - Waterfall,,,,
,Special Attack,50,44 - Earthquake,,Special Attack,60,44 - Earthquake,,Special Attack,85,44 - Earthquake,,,,
,Special Defense,50,50 - Slack Off,,Special Defense,75(+5),50 - Slack Off,,Special Defense,90,50 - Slack Off,,,,
,Speed,40,55 - Avalanche,,Speed,50,55 - Avalanche,,Speed,60,55 - Avalanche,,,,
,,,60 - Aqua Tail,,Evolves at level 16.,,60 - Aqua Tail,,Evolves at level 36.,,60 - Aqua Tail,,,,
,,,65 - Gunk Shot,,,,65 - Gunk Shot,,"Now learns TM19, TM33",,65 - Gunk Shot,,,,
,,,,,,,,,,,,,,,
,,,,,,,,,,,,,,,
,Poochyena,,Learnset,,Mightyena,,Learnset,,,,,,,,
,,,1 - Tackle,,,,1 - Tackle,,,,,,,,
,,,1 - Sand-Attack,,,,1 - Sand-Attack,,,,,,,,
,,,5 - Taunt,,,,5 - Taunt,,,,,,,,
,,,9 - Bite,,,,9 - Bite,,,,,,,,
,,,14 - Knock Off,,,,14 - Knock Off,,,,,,,,
,DARK,,18 - Crunch,,DARK,,18 - Crunch,,,,,,,,
,Ability 1,Intimidate,20 - Yawn,,Ability 1,Intimidate,20 - Yawn,,,,,,,,
,Ability 2,Quick Feet,23 - Fire Fang,,Ability 2,Quick Feet,23 - Fire Fang,,,,,,,,
,Base Stats,,23 - Thunder Fang,,Base Stats,,23 - Thunder Fang,,,,,,,,
,HP,55(+20),23 - Ice Fang,,HP,80(+10),23 - Ice Fang,,,,,,,,
,Attack,75(+20),27 - Zen Headbutt,,Attack,110(+20),27 - Zen Headbutt,,,,,,,,
,Defense,55(+20),30 - Submission,,Defense,80(+10),30 - Submission,,,,,,,,
,Special Attack,30,33 - Foul Play,,Special Attack,60,33 - Foul Play,,,,,,,,
,Special Defense,50(+20),35 - Sucker Punch,,Special Defense,80(+20),35 - Sucker Punch,,,,,,,,
,Speed,75(+40),,,Speed,90(+20),,,,,,,,,
,,,,,Evolves at level 18.,,,,,,,,,,
,,,,,,,,,,,,,,,
,,,,,,,,,,,,,,,
,Wurmple,,Learnset,,Silcoon,,Learnset,,Beautifly,,Learnset,,,,
,,,1 - Tackle,,,,1 - Tackle,,,,1 - Absorb,,,,
,,,1 - String Shot,,,,1 - String Shot,,,,10 - Air Cutter,,,,
,,,1 - Poison Sting,,,,1 - Poison Sting,,,,16 - Silver Wind,,,,
,,,,,,,,,,,20 - Morning Sun,,,,
,,,,,,,,,,,23 - Air Slash,,,,
,BUG,,,,BUG,,,,BUG,FLYING,27 - U-Turn,,,,
,Ability 1,Shield Dust,,,Ability 1,Shed Skin,,,Ability 1,Swarm,32 - Bug Buzz,,,,
,Ability 2,Shield Dust,,,Ability 2,Shed Skin,,,Ability 2,Swarm,36 - Aeroblast,,,,
,Base Stats,,,,Base Stats,,,,Base Stats,,40 - Tailwind,,,,
,HP,45,,,HP,50,,,HP,60,44 - Hurricane,,,,
,Attack,45,,,Attack,35,,,Attack,70,,,,,
,Defense,35,,,Defense,55,,,Defense,60(+10),,,,,
,Special Attack,20,,,Special Attack,25,,,Special Attack,120(+20),,,,,
,Special Defense,30,,,Special Defense,25,,,Special Defense,70(+20),,,,,
,Speed,20,,,Speed,15,,,Speed,85(+20),,,,,
,,,,,Evolves at level 5.,,,,Evolves at level 10.,,,,,,
,,,,,,,,,,,,,,,
,,,,,,,,,,,,,,,
,,,,,Cascoon,,Learnset,,Dustox,,Learnset,,,,
,,,,,,,1 - Tackle,,,,1 - Absorb,,,,
,,,,,,,1 - String Shot,,,,10 - Venoshock,,,,
,,,,,,,1 - Poison Sting,,,,16 - Silver Wind,,,,
,,,,,,,,,,,20 - Moonlight,,,,
,,,,,,,,,,,23 - Smog,,,,
,,,,,BUG,,,,BUG,POISON,27 - U-Turn,,,,
,,,,,Ability 1,Shield Dust,,,Ability 1,Shield Dust,32 - Bug Buzz,,,,
,,,,,Ability 2,Shield Dust,,,Ability 2,Shield Dust,36 - Sludge Bomb,,,,
,,,,,Base Stats,,,,Base Stats,,40 - Toxic,,,,
,,,,,HP,50,,,HP,90(+30),44 - Sludge Wave,,,,
,,,,,Attack,35,,,Attack,30(-20),,,,,
,,,,,Defense,55,,,Defense,85(+15),,,,,
,,,,,Special Attack,25,,,Special Attack,100(+50),,,,,
,,,,,Special Defense,25,,,Special Defense,95(+5),,,,,
,,,,,Speed,15,,,Speed,65,,,,,
,,,,,Evolves at level 5.,,,,Evolves at level 10.,,,,,,
,,,,,,,,,,,,,,,
,,,,,,,,,,,,,,,
,Lotad,,Learnset,,Lombre,,Learnset,,Ludicolo,,Learnset,,,,
,,,1 - Water Gun,,,,1 - Water Gun,,,,1 - Water Gun,,,,
,,,3 - Growl,,,,3 - Growl,,,,3 - Growl,,,,
,,,7 - Absorb,,,,7 - Absorb,,,,7 - Absorb,,,,
,,,13 - BubbleBeam,,,,13 - BubbleBeam,,,,13 - BubbleBeam,,,,
,,,16 - Mega Drain,,,,16 - Mega Drain,,,,16 - Mega Drain,,,,
,GRASS,WATER,20 - Fake Out,,GRASS,WATER,20 - Fake Out,,GRASS,WATER,20 - Fake Out,,,,
,Ability 1,Swift Swim,25 - Giga Drain,,Ability 1,Swift Swim,25 - Giga Drain,,Ability 1,Swift Swim,25 - Giga Drain,,,,
,Ability 2,Swift Swim,32 - Scald,,Ability 2,Swift Swim,32 - Scald,,Ability 2,Swift Swim,32 - Scald,,,,
,Base Stats,,36 - Energy Ball,,Base Stats,,36 - Energy Ball,,Base Stats,,36 - Energy Ball,,,,
,HP,40,40 - Knock Off,,HP,70(+10),40 - Knock Off,,HP,80,40 - Knock Off,,,,
,Attack,30,45 - Muddy Water,,Attack,50,45 - Muddy Water,,Attack,70,45 - Muddy Water,,,,
,Defense,30,50 - Weather Ball,,Defense,70,50 - Weather Ball,,Defense,70,50 - Weather Ball,,,,
,Special Attack,40,55 - Icy Wind,,Special Attack,80(+20),55 - Icy Wind,,Special Attack,110(+20),55 - Icy Wind,,,,
,Special Defense,50,60 - Fling,,Special Defense,80(+10),60 - Fling,,Special Defense,100,60 - Fling,,,,
,Speed,30,,,Speed,70(+20),,,Speed,90(+20),,,,,
,,,,,Evolves at level 14.,,,,Evolves at level 32.,,,,,,
,,,,,,,,,"Now learns TM33, TM77",,,,,,
,,,,,,,,,,,,,,,
,,,,,,,,,,,,,,,
,Zigzagoon,,Learnset,,Linoone,,Learnset,,,,,,,,
,,,1 - Tackle,,,,1 - Tackle,,,,,,,,
,,,1 - Growl,,,,1 - Growl,,,,,,,,
,,,1 - Tail Whip,,,,1 - Tail Whip,,,,,,,,
,,,10 - Headbutt,,,,10 - Headbutt,,,,,,,,
,,,15 - Bite,,,,15 - Bite,,,,,,,,
,NORMAL,,20 - Slash,,NORMAL,,20 - Slash,,,,,,,,
,Ability 1,Scrappy,23 - Crunch,,Ability 1,Scrappy,23 - Crunch,,,,,,,,
,Ability 2,Scrappy,27 - Flamethrower,,Ability 2,Scrappy,27 - Flamethrower,,,,,,,,
,Base Stats,,27 - Thunderbolt,,Base Stats,,27 - Thunderbolt,,,,,,,,
,HP,38,27 - Ice Beam,,HP,78,27 - Ice Beam,,,,,,,,
,Attack,60(+30),30 - Crush Claw,,Attack,100(+30),30 - Crush Claw,,,,,,,,
,Defense,41,33 - Submission,,Defense,61,33 - Submission,,,,,,,,
,Special Attack,60(+30),35 - U-Turn,,Special Attack,90(+40),35 - U-Turn,,,,,,,,
,Special Defense,41,37 - Switcheroo,,Special Defense,61,37 - Switcheroo,,,,,,,,
,Speed,80(+20),40 - Double-Edge,,Speed,120(+20),40 - Double-Edge,,,,,,,,
,,,44 - Flail,,Evolves at level 15.,,44 - Flail,,,,,,,,
,,,,,,,,,,,,,,,
,,,,,,,,,,,,,,,
,Seedot,,Learnset,,Nuzleaf,,Learnset,,Shiftry,,Learnset,,,,
,,,1 - Pursuit,,,,1 - Pursuit,,,,1 - Pursuit,,,,
,,,3 - Growl,,,,3 - Growl,,,,3 - Growl,,,,
,,,7 - Mega Drain,,,,7 - Mega Drain,,,,7 - Mega Drain,,,,
,,,13 - Bullet Seed,,,,13 - Bullet Seed,,,,13 - Bullet Seed,,,,
,,,16 - Knock Off,,,,16 - Knock Off,,,,16 - Knock Off,,,,
,GRASS,,20 - Fake Out,,GRASS,DARK,20 - Fake Out,,GRASS,DARK,20 - Fake Out,,,,
,Ability 1,Chlorophyll,25 - Giga Drain,,Ability 1,Chlorophyll,25 - Giga Drain,,Ability 1,Chlorophyll,25 - Giga Drain,,,,
,Ability 2,Chlorophyll,32 - Faint Attack,,Ability 2,Chlorophyll,32 - Faint Attack,,Ability 2,Chlorophyll,32 - Faint Attack,,,,
,Base Stats,,36 - Leaf Blade,,Base Stats,,36 - Leaf Blade,,Base Stats,,36 - Leaf Blade,,,,
,HP,40,40 - Night Slash,,HP,70,40 - Night Slash,,HP,90,40 - Night Slash,,,,
,Attack,40,45 - Power Whip,,Attack,90(+20),45 - Power Whip,,Attack,110(+10),45 - Power Whip,,,,
,Defense,50,50 - Heat Wave,,Defense,40,50 - Heat Wave,,Defense,80(+20),50 - Heat Wave,,,,
,Special Attack,30,55 - Icy Wind,,Special Attack,80(+20),55 - Icy Wind,,Special Attack,90,55 - Icy Wind,,,,
,Special Defense,30,60 - Sucker Punch,,Special Defense,40,60 - Sucker Punch,,Special Defense,60,60 - Sucker Punch,,,,
,Speed,30,65 - Frenzy Plant,,Speed,90(+30),65 - Frenzy Plant,,Speed,90(+10),65 - Frenzy Plant,,,,
,,,,,Evolves at level 14.,,,,Evolves at Level 32.,,,,,,
,,,,,,,,,Now learns TM77,,,,,,
,,,,,,,,,,,,,,,
,,,,,,,,,,,,,,,
,Taillow,,Learnset,,Swellow,,Learnset,,,,,,,,
,,,1 - Peck,,,,1 - Peck,,,,,,,,
,,,1 - Growl,,,,1 - Growl,,,,,,,,
,,,1 - FeatherDance,,,,1 - FeatherDance,,,,,,,,
,,,8 - Focus Energy,,,,8 - Focus Energy,,,,,,,,
,,,13 - Wing Attack,,,,13 - Wing Attack,,,,,,,,
,NORMAL,FLYING,19 - Swift,,NORMAL,FLYING,19 - Swift,,,,,,,,
,Ability 1,Technician,22 - Air Cutter,,Ability 1,Technician,22 - Air Cutter,,,,,,,,
,Ability 2,Technician,30 - Return,,Ability 2,Technician,30 - Return,,,,,,,,
,Base Stats,,35 - U-Turn,,Base Stats,,35 - U-Turn,,,,,,,,
,HP,30(-10),38 - Aeroblast,,HP,50(-10),38 - Aeroblast,,,,,,,,
,Attack,75(+20),42 - Acrobatics,,Attack,110(+25),42 - Acrobatics,,,,,,,,
,Defense,30,45 - Hyper Voice,,Defense,50(-10),45 - Hyper Voice,,,,,,,,
,Special Attack,75(+45),47 - Heat Wave,,Special Attack,110(+35),47 - Heat Wave,,,,,,,,
,Special Defense,30,50 - Brave Bird,,Special Defense,50,50 - Brave Bird,,,,,,,,
,Speed,85,,,Speed,125,,,,,,,,,
,,,,,Evolves at level 22.,,,,,,,,,,
,,,,,Now learns TM94,,,,,,,,,,
,,,,,,,,,,,,,,,
,,,,,,,,,,,,,,,
,Wingull,,Learnset,,Pelipper,,Learnset,,,,,,,,
,,,1 - Water Gun,,,,1 - Water Gun,,,,,,,,
,,,8 - Gust,,,,8 - Gust,,,,,,,,
,,,12 - BubbleBeam,,,,12 - BubbleBeam,,,,,,,,
,,,16 - Air Cutter,,,,16 - Air Cutter,,,,,,,,
,,,20 - FeatherDance,,,,20 - FeatherDance,,,,,,,,
,WATER,FLYING,23 - Icy Wind,,WATER,FLYING,23 - Icy Wind,,,,,,,,
,Ability 1,Keen Eye,25 - Protect,,Ability 1,Air Lock,25 - Protect,,,,,,,,
,Ability 2,Keen Eye,30 - Air Slash,,Ability 2,Air Lock,30 - Air Slash,,,,,,,,
,Base Stats,,34 - Scald,,Base Stats,,34 - Scald,,,,,,,,
,HP,50(+10),38 - Aeroblast,,HP,80(+20),38 - Aeroblast,,,,,,,,
,Attack,30,42 - Roost,,Attack,50,42 - Roost,,,,,,,,
,Defense,30,46 - Hurricane,,Defense,110(+10),46 - Hurricane,,,,,,,,
,Special Attack,75(+20),50 - Tailwind,,Special Attack,110(+15),50 - Tailwind,,,,,,,,
,Special Defense,30,,,Special Defense,70,,,,,,,,,
,Speed,85,,,Speed,65,,,,,,,,,
,,,,,Evolves at level 25.,,,,,,,,,,
,,,,,"Now learns TM16, TM33",,,,,,,,,,
,,,,,,,,,,,,,,,
,,,,,,,,,,,,,,,
,Surskit,,Learnset,,Masquerain,,Learnset,,,,,,,,
,,,1 - Bubble,,,,1 - Bubble,,,,,,,,
,,,1 - Quick Attack,,,,1 - Quick Attack,,,,,,,,
,,,7 - Water Gun,,,,7 - Water Gun,,,,,,,,
,,,13 - Struggle Bug,,,,13 - Struggle Bug,,,,,,,,
,,,16 - BubbleBeam,,,,16 - BubbleBeam,,,,,,,,
,BUG,WATER,20 - Air Slash,,BUG,WATER,20 - Air Slash,,,,,,,,
,Ability 1,Swift Swim,22 - Signal Beam,,Ability 1,Compoundeyes,22 - Signal Beam,,,,,,,,
,Ability 2,Swift Swim,26 - Scald,,Ability 2,Compoundeyes,26 - Scald,,,,,,,,
,Base Stats,,29 - Giga Drain,,Base Stats,,29 - Giga Drain,,,,,,,,
,HP,40,32 - Icy Wind,,HP,70,32 - Icy Wind,,,,,,,,
,Attack,30,35 - Bug Buzz,,Attack,60,35 - Bug Buzz,,,,,,,,
,Defense,32,40 - Hurricane,,Defense,72(+10),40 - Hurricane,,,,,,,,
,Special Attack,80(+30),45 - Blizzard,,Special Attack,100,45 - Blizzard,,,,,,,,
,Special Defense,52,50 - Hydro Pump,,Special Defense,92(+10),50 - Hydro Pump,,,,,,,,
,Speed,85(+20),,,Speed,100(+20),,,,,,,,,
,,,,,Evolves at level 22.,,,,,,,,,,
,,,,,"Now learns TM33, HM03, TM05",,,,,,,,,,
,,,,,,,,,,,,,,,
,,,,,,,,,,,,,,,
,Shroomish,,Learnset,,Breloom,,Learnset,,,,,,,,
,,,1 - Absorb,,,,1 - Absorb,,,,,,,,
,,,1 - Tackle,,,,1 - Tackle,,,,,,,,
,,,7 - Stun Spore,,,,7 - Stun Spore,,,,,,,,
,,,10 - Leech Seed,,,,10 - Leech Seed,,,,,,,,
,,,16 - Bullet Seed,,,,16 - Bullet Seed,,,,,,,,
,GRASS,,20 - Giga Drain,,GRASS,FIGHTING,20 - Giga Drain,,,,,,,,
,Ability 1,Effect Spore,23 - Mach Punch,,Ability 1,Technician,23 - Mach Punch,,,,,,,,
,Ability 2,Poison Heal,27 - Brick Break,,Ability 2,Poison Heal,27 - Brick Break,,,,,,,,
,Base Stats,,32 - Seed Bomb,,Base Stats,,32 - Seed Bomb,,,,,,,,
,HP,80(+20),35 - ThunderPunch,,HP,80(+20),35 - ThunderPunch,,,,,,,,
,Attack,70(+30),38 - Rock Smash,,Attack,130,38 - Rock Smash,,,,,,,,
,Defense,80(+20),42 - Sky Uppercut,,Defense,90(+10),42 - Sky Uppercut,,,,,,,,
,Special Attack,40,46 - Drain Punch,,Special Attack,60,46 - Drain Punch,,,,,,,,
,Special Defense,60,50 - Power Whip,,Special Defense,70(+10),50 - Power Whip,,,,,,,,
,Speed,35,60 - Close Combat,,Speed,80(+10),60 - Close Combat,,,,,,,,
,,,75 - Spore,,Evolves at level 23.,,75 - Spore,,,,,,,,
,,,,,Now learns TM77,,,,,,,,,,
,,,,,,,,,,,,,,,
,,,,,,,,,,,,,,,
,Slakoth,,Learnset,,Vigoroth,,Learnset,,Slaking,,Learnset,,,,
,,,1 - Scratch,,,,1 - Scratch,,,,1 - Scratch,,,,
,,,1 - Yawn,,,,1 - Yawn,,,,1 - Yawn,,,,
,,,1 - Encore,,,,1 - Encore,,,,1 - Encore,,,,
,,,1 - Slack Off,,,,1 - Slack Off,,,,1 - Slack Off,,,,
,,,10 - Headbutt,,,,10 - Headbutt,,,,10 - Headbutt,,,,
,NORMAL,,18 - Knock Off,,NORMAL,,18 - Knock Off,,NORMAL,,18 - Knock Off,,,,
,Ability 1,Truant,23 - Rock Smash,,Ability 1,Vital Spirit,23 - Rock Smash,,Ability 1,Truant,23 - Rock Smash,,,,
,Ability 2,Truant,27 - Body Slam,,Ability 2,Vital Spirit,27 - Body Slam,,Ability 2,Truant,27 - Body Slam,,,,
,Base Stats,,30 - Night Slash,,Base Stats,,30 - Night Slash,,Base Stats,,30 - Night Slash,,,,
,HP,80(+20),34 - Hammer Arm,,HP,80,34 - Hammer Arm,,HP,150,34 - Hammer Arm,,,,
,Attack,90(+30),38 - Crush Claw,,Attack,100(+20),38 - Crush Claw,,Attack,160,38 - Crush Claw,,,,
,Defense,80(+20),41 - Counter,,Defense,80,41 - Counter,,Defense,100,41 - Counter,,,,
,Special Attack,35,44 - Flail,,Special Attack,55,44 - Flail,,Special Attack,65(-30),44 - Flail,,,,
,Special Defense,60(+25),50 - Double-Edge,,Special Defense,70(+15),50 - Double-Edge,,Special Defense,95(+30),50 - Double-Edge,,,,
,Speed,30,,,Speed,90,,,Speed,100,82 - Skill Swap,,,,
,,,,,Evolves at level 18.,,,,Evolves at level 34.,,,,,,
,,,,,,,,,,,,,,,
,,,,,,,,,,,,,,,
,Nincada,,Learnset,,Ninjask,,Learnset,,,,,,,,
,,,1 - Leer,,,,1 - Leer,,,,,,,,
,,,1 - Fury Cutter,,,,1 - Fury Cutter,,,,,,,,
,,,11 - Endure,,,,11 - Endure,,,,,,,,
,,,16 - Bulldoze,,,,16 - Bulldoze,,,,,,,,
,,,20 - Pursuit,,,,20 - Pursuit,,,,,,,,
,BUG,GROUND,25 - Bug Bite,,BUG,DARK,25 - Bug Bite,,,,,,,,
,Ability 1,Shield Dust,30 - Rock Smash,,Ability 1,Technician,30 - Rock Smash,,,,,,,,
,Ability 2,Shield Dust,35 - Wing Attack,,Ability 2,Technician,35 - Wing Attack,,,,,,,,
,Base Stats,,40 - Final Gambit,,Base Stats,,40 - Final Gambit,,,,,,,,
,HP,61(+30),70 - U-Turn,,HP,61,70 - U-Turn,,,,,,,,
,Attack,75(+30),,,Attack,120(+30),,,,,,,,,
,Defense,110(+20),,,Defense,40,,,,,,,,,
,Special Attack,30,,,Special Attack,50,,,,,,,,,
,Special Defense,50(+20),,,Special Defense,50,,,,,,,,,
,Speed,40,,,Speed,180(+20),,,,,,,,,
,,,,,Evolves at level 20.,,,,,,,,,,
,,,,,"Now learns TM21, HM02",,,,,,,,,,
,,,,,,,,,,,,,,,
,,,,,,,,,,,,,,,
,Ralts,,1 - Growl,,Kirlia,,Learnset,,Gardevoir,,Learnset,,Gallade,,Learnset
,,,6 - Confusion,,,,1 - Growl,,,,1 - Growl,,,,1 - Growl
,,,11 - Psybeam,,,,6 - Confusion,,,,6 - Confusion,,,,6 - Confusion
,,,16 - Magical Leaf,,,,11 - Psybeam,,,,11 - Psybeam,,,,11 - Psybeam
,,,21 - Shock Wave,,,,16 - Magical Leaf,,,,16 - Magical Leaf,,,,16 - Magical Leaf
,,,27 - Extrasensory,,,,21 - Shock Wave,,,,21 - Shock Wave,,,,21 - Shock Wave
,PSYCHIC,,32 - Imprison,,PSYCHIC,,27 - Extrasensory,,PSYCHIC,GHOST,27 - Extrasensory,,PSYCHIC,FIGHTING,27 - Extrasensory
,Ability 1,Trace,36 - Shadow Ball,,Ability 1,Trace,32 - Imprison,,Ability 1,Trace,32 - Imprison,,Ability 1,Inner Focus,32 - Imprison
,Ability 2,Trace,42 - Psychic,,Ability 2,Trace,36 - Shadow Ball,,Ability 2,Trace,36 - Shadow Ball,,Ability 2,Inner Focus,36 - Sacred Sword
,Base Stats,,46 - Aura Sphere,,Base Stats,,42 - Psychic,,Base Stats,,42 - Psychic,,Base Stats,,42 - Psycho Cut
,HP,28,54 - Future Sight,,HP,58(+20),46 - Aura Sphere,,HP,80(+12),46 - Aura Sphere,,HP,80(+12),46 - Leaf Blade
,Attack,25,62 - Psycho Boost,,Attack,35,54 - Future Sight,,Attack,65,54 - Future Sight,,Attack,125,50 - Night Slash
,Defense,25,,,Defense,55(+20),62 - Psycho Boost,,Defense,75(+10),62 - Psycho Boost,,Defense,75(+10),54 - Wide Guard
,Special Attack,65(+20),,,Special Attack,95(+30),,,Special Attack,125,,,Special Attack,65,62 - Close Combat
,Special Defense,55(+20),,,Special Defense,75(+20),,,Special Defense,115,,,Special Defense,115,75 - Reversal
,Speed,60(+20),,,Speed,70(+20),,,Speed,90(+10),,,Speed,90(+10),
,,,,,Evolves at level 15.,,,,Evolves at level 36.,,,,Evolves via Dawn Stone.,,
,,,,,,,,,,,,,,,
,,,,,,,,,,,,,,,
,,,,,,,,,,,,,,,
,Whismur,,Learnset,,Loudred,,Learnset,,Exploud,,Learnset,,,,
,,,1 - Pound,,,,1 - Pound,,,,1 - Pound,,,,
,,,1 - Uproar,,,,1 - Uproar,,,,1 - Uproar,,,,
,,,11 - Echoed Voice,,,,11 - Echoed Voice,,,,11 - Echoed Voice,,,,
,,,15 - Knock Off,,,,15 - Knock Off,,,,15 - Knock Off,,,,
,,,23 - Swift,,,,23 - Swift,,,,23 - Swift,,,,
,NORMAL,,30 - Hyper Voice,,NORMAL,,30 - Hyper Voice,,NORMAL,ELECTRIC,30 - Hyper Voice,,,,
,Ability 1,Soundproof,35 - Shadow Ball,,Ability 1,Soundproof,35 - Shadow Ball,,Ability 1,Compound Eyes,35 - Shadow Ball,,,,
,Ability 2,Soundproof,40 - Discharge,,Ability 2,Soundproof,40 - Discharge,,Ability 2,Compound Eyes,40 - Discharge,,,,
,Base Stats,,60 - Thunder,,Base Stats,,60 - Thunder,,Base Stats,,60 - Thunder,,,,
,HP,64,60 - Fire Blast,,HP,84,60 - Fire Blast,,HP,109(+5),60 - Fire Blast,,,,
,Attack,31(-20),60 - Blizzard,,Attack,51(-20),60 - Blizzard,,Attack,61(-30),60 - Blizzard,,,,
,Defense,43(+20),,,Defense,63(+20),,,Defense,68(+5),,,,,
,Special Attack,71(+20),,,Special Attack,91(+20),,,Special Attack,111(+20),,,,,
,Special Defense,43(+20),,,Special Defense,63(+20),,,Special Defense,63,,,,,
,Speed,28,,,Speed,48,,,Speed,98(+30),,,,,
,,,,,Evolves at level 16.,,,,Evolves at level 40.,,,,,,
,,,,,,,,,"Now learns TM16, TM19, TM33, TM72 (all just exploud)",,,,,,
,,,,,,,,,,,,,,,
,,,,,,,,,,,,,,,
,Makuhita,,Learnset,,Hariyama,,Learnset,,,,,,,,
,,,1 - Mach Punch,,,,1 - Mach Punch,,,,,,,,
,,,1 - Focus Energy,,,,1 - Focus Energy,,,,,,,,
,,,1 - Tackle,,,,1 - Tackle,,,,,,,,
,,,10 - Force Palm,,,,10 - Force Palm,,,,,,,,
,,,15 - Vital Throw,,,,15 - Vital Throw,,,,,,,,
,FIGHTING,,20 - Fake Out,,FIGHTING,,20 - Fake Out,,,,,,,,
,Ability 1,Thick Fat,24 - Brick Break,,Ability 1,Thick Fat,24 - Brick Break,,,,,,,,
,Ability 2,Guts,27 - Knock Off,,Ability 2,Guts,27 - Knock Off,,,,,,,,
,Base Stats,,30 - Rock Slide,,Base Stats,,30 - Rock Slide,,,,,,,,
,HP,92(+20),40 - Shadow Ball,,HP,144,40 - Shadow Ball,,,,,,,,
,Attack,80(+20),44 - Close Combat,,Attack,120,44 - Close Combat,,,,,,,,
,Defense,50(+20),50 - Focus Punch,,Defense,80(+20),50 - Focus Punch,,,,,,,,
,Special Attack,20,60 - Superpower,,Special Attack,40,60 - Superpower,,,,,,,,
,Special Defense,50(+20),,,Special Defense,80(+20),,,,,,,,,
,Speed,25,,,Speed,50,,,,,,,,,
,,,,,Evolves at level 24.,,,,,,,,,,
,,,,,,,,,,,,,,,
,,,,,,,,,,,,,,,
,Skitty,,Learnset,,Delcatty,,Learnset,,,,,,,,
,,,1 - Charm,,,,1 - Charm,,,,,,,,
,,,1 - Echoed Voice,,,,1 - Echoed Voice,,,,,,,,
,,,3 - Fake Tears,,,,3 - Fake Tears,,,,,,,,
,,,7 - Snarl,,,,7 - Snarl,,,,,,,,
,,,13 - Swift,,,,13 - Swift,,,,,,,,
,NORMAL,,16 - Fake Out,,NORMAL,,16 - Fake Out,,,,,,,,
,Ability 1,Magic Guard,21 - Encore,,Ability 1,Magic Guard,21 - Encore,,,,,,,,
,Ability 2,Magic Guard,25 - Ice Beam,,Ability 2,Magic Guard,25 - Ice Beam,,,,,,,,
,Base Stats,,25 - Thunderbolt,,Base Stats,,25 - Thunderbolt,,,,,,,,
,HP,50,25 - Flamethrower,,HP,70,25 - Flamethrower,,,,,,,,
,Attack,45,30 - Shadow Ball,,Attack,45(-20),30 - Shadow Ball,,,,,,,,
,Defense,45,33 - Hyper Voice,,Defense,75(+10),33 - Hyper Voice,,,,,,,,
,Special Attack,85(+50),37 - Aura Sphere,,Special Attack,105(+50),37 - Aura Sphere,,,,,,,,
,Special Defense,65(+30),40 - Psycho Boost,,Special Defense,95(+40),40 - Psycho Boost,,,,,,,,
,Speed,80(+30),43 - Helping Hand,,Speed,110(+20),43 - Helping Hand,,,,,,,,
,,,47 - Heal Bell,,Evolves at level 20.,,47 - Heal Bell,,,,,,,,
,,,,,"Now learns TM16, TM33, TM89",,,,,,,,,,
,,,,,,,,,,,,,,,
,,,,,,,,,,,,,,,
,Nosepass,,Learnset,,Probopass,,Learnset,,,,,,,,
,,,1 - Tackle,,,,1 - Tackle,,,,,,,,
,,,7 - ThunderShock,,,,7 - ThunderShock,,,,,,,,
,,,13 - AncientPower,,,,13 - AncientPower,,,,,,,,
,,,16 - Mirror Shot,,,,16 - Mirror Shot,,,,,,,,
,,,22 - Thunder Wave,,,,22 - Thunder Wave,,,,,,,,
,ROCK,,31 - Power Gem,,ROCK,STEEL,31 - Power Gem,,,,,,,,
,Ability 1,Magnet Pull,37 - Rest,,Ability 1,Levitate,37 - Rest,,,,,,,,
,Ability 2,Magnet Pull,44 - Magnet Bomb,,Ability 2,Levitate,44 - Magnet Bomb,,,,,,,,
,Base Stats,,46 - Metal Sound,,Base Stats,,46 - Metal Sound,,,,,,,,
,HP,60(+30),50 - Helping Hand,,HP,70(+10),50 - Helping Hand,,,,,,,,
,Attack,45,65 - Volt Switch,,Attack,55,65 - Volt Switch,,,,,,,,
,Defense,135,,,Defense,145,,,,,,,,,
,Special Attack,75(+30),,,Special Attack,95(+20),,,,,,,,,
,Special Defense,90,,,Special Defense,150,,,,,,,,,
,Speed,30,,,Speed,40,,,,,,,,,
,,,,,Evolves at level 50.,,,,,,,,,,
,,,,,"Now learns TM16, TM19",,,,,,,,,,
,,,,,,,,,,,,,,,
,,,,,,,,,,,,,,,
,Meditite,,Learnset,,Medicham,,Learnset,,,,,,,,
,,,1 - Confusion,,,,1 - Confusion,,,,,,,,
,,,1 - Detect,,,,1 - Detect,,,,,,,,
,,,9 - Karate Chop,,,,9 - Karate Chop,,,,,,,,
,,,16 - Psybeam,,,,16 - Psybeam,,,,,,,,
,,,20 - Heart Stamp,,,,20 - Heart Stamp,,,,,,,,
,FIGHTING,PSYCHIC,23 - Fake Out,,FIGHTING,PSYCHIC,23 - Fake Out,,,,,,,,
,Ability 1,Pure Power,27 - Brick Break,,Ability 1,Pure Power,27 - Brick Break,,,,,,,,
,Ability 2,Pure Power,30 - Ice Punch,,Ability 2,Pure Power,30 - Ice Punch,,,,,,,,
,Base Stats,,30 - ThunderPunch,,Base Stats,,30 - ThunderPunch,,,,,,,,
,HP,50(+20),30 - Fire Punch,,HP,80(+20),30 - Fire Punch,,,,,,,,
,Attack,50(+10),35 - Zen Headbutt,,Attack,75(+15),35 - Zen Headbutt,,,,,,,,
,Defense,55,40 - Submission,,Defense,75,40 - Submission,,,,,,,,
,Special Attack,40,45 - Low Kick,,Special Attack,60,45 - Low Kick,,,,,,,,
,Special Defense,55,62 - Close Combat,,Special Defense,75,62 - Close Combat,,,,,,,,
,Speed,75(+15),75 - Reversal,,Speed,90(+10),75 - Reversal,,,,,,,,
,,,,,Evolves at level 37.,,,,,,,,,,
,,,,,,,,,,,,,,,
,,,,,,,,,,,,,,,
,Sableye,,Learnset,,,,,,,,,,,,
,,,1 - Leer,,,,,,,,,,,,
,,,1 - Knock Off,,,,,,,,,,,,
,,,5 - Rock Throw,,,,,,,,,,,,
,,,9 - Night Shade,,,,,,,,,,,,
,,,16 - Ominous Wind,,,,,,,,,,,,
,ROCK,GHOST,20 - AncientPower,,,,,,,,,,,,
,Ability 1,Prankster,23 - Fake Out,,,,,,,,,,,,
,Ability 2,Prankster,29 - Will-O-Wisp,,,,,,,,,,,,
,Base Stats,,33 - Hex,,,,,,,,,,,,
,HP,80(+30),37 - Power Gem,,,,,,,,,,,,
,Attack,45(-30),41 - Shadow Ball,,,,,,,,,,,,
,Defense,125(+50),45 - Recover,,,,,,,,,,,,
,Special Attack,115(+50),50 - Icy Wind,,,,,,,,,,,,
,Special Defense,65,60 - Trick,,,,,,,,,,,,
,Speed,50,,,,,,,,,,,,,
,Now learns TM19,,,,,,,,,,,,,,
,,,,,,,,,,,,,,,
,,,,,,,,,,,,,,,
,Mawile,,Learnset,,,,,,,,,,,,
,,,1 - Tackle,,,,,,,,,,,,
,,,6 - Fake Tears,,,,,,,,,,,,
,,,11 - Pursuit,,,,,,,,,,,,
,,,16 - Bullet Punch,,,,,,,,,,,,
,,,21 - Knock Off,,,,,,,,,,,,
,STEEL,DARK,26 - Metal Claw,,,,,,,,,,,,
,Ability 1,Sheer Force,31 - Taunt,,,,,,,,,,,,
,Ability 2,Sheer Force,34 - Charm,,,,,,,,,,,,
,Base Stats,,38 - Iron Head,,,,,,,,,,,,
,HP,80(+30),42 - Crunch,,,,,,,,,,,,
,Attack,115(+30),50 - Faint Attack,,,,,,,,,,,,
,Defense,125(+40),55 - Meteor Mash,,,,,,,,,,,,
,Special Attack,45(-20),60 - Ice Punch,,,,,,,,,,,,
,Special Defense,65(+10),60 - Fire Punch,,,,,,,,,,,,
,Speed,50,60 - ThunderPunch,,,,,,,,,,,,
,,,65 - Guillotine,,,,,,,,,,,,
,,,,,,,,,,,,,,,
,,,,,,,,,,,,,,,
,Aron,,Learnset,,Lairon,,Learnset,,Aggron,,Learnset,,,,
,,,1 - Tackle,,,,1 - Tackle,,,,1 - Tackle,,,,
,,,10 - Headbutt,,,,10 - Headbutt,,,,10 - Headbutt,,,,
,,,13 - Metal Claw,,,,13 - Metal Claw,,,,13 - Metal Claw,,,,
,,,17 - Rock Tomb,,,,17 - Rock Tomb,,,,17 - Rock Tomb,,,,
,,,21 - Metal Claw,,,,21 - Metal Claw,,,,21 - Metal Claw,,,,
,STEEL,ROCK,25 - Rock Slide,,STEEL,ROCK,25 - Rock Slide,,STEEL,ROCK,25 - Rock Slide,,,,
,Ability 1,Battle Armor,31 - Protect,,Ability 1,Battle Armor,31 - Protect,,Ability 1,Battle Armor,31 - Protect,,,,
,Ability 2,Rock Head,34 - Iron Head,,Ability 2,Rock Head,34 - Iron Head,,Ability 2,Rock Head,34 - Iron Head,,,,
,Base Stats,,42 - Rock Climb,,Base Stats,,42 - Rock Climb,,Base Stats,,42 - Rock Climb,,,,
,HP,50,50 - Iron Tail,,HP,60,50 - Iron Tail,,HP,70,50 - Iron Tail,,,,
,Attack,70,60 - Aqua Tail,,Attack,90,60 - Aqua Tail,,Attack,120(+10),60 - Aqua Tail,,,,
,Defense,100,65 - Guillotine,,Defense,140,65 - Guillotine,,Defense,180,65 - Guillotine,,,,
,Special Attack,40,70 - Head Smash,,Special Attack,50,70 - Head Smash,,Special Attack,60,70 - Head Smash,,,,
,Special Defense,40,,,Special Defense,50,,,Special Defense,70(+10),,,,,
,Speed,30,,,Speed,30,,,Speed,50,,,,,
,,,,,Evolves at level 32.,,,,Evolves at level 42.,,,,,,
,,,,,,,,,,,,,,,
,,,,,,,,,,,,,,,
,Electrike,,Learnset,,Manectric,,Learnset,,,,,,,,
,,,1 - Tackle,,,,1 - Tackle,,,,,,,,
,,,1 - Leer,,,,1 - Leer,,,,,,,,
,,,4 - Thunder Wave,,,,4 - Thunder Wave,,,,,,,,
,,,9 - Flame Wheel,,,,9 - Flame Wheel,,,,,,,,
,,,12 - Spark,,,,12 - Spark,,,,,,,,
,ELECTRIC,FIRE,17 - Quick Attack,,ELECTRIC,FIRE,17 - Quick Attack,,,,,,,,
,Ability 1,Intimidate,23 - Electro Ball,,Ability 1,Intimidate,23 - Electro Ball,,,,,,,,
,Ability 2,Intimidate,25 - Flame Burst,,Ability 2,Intimidate,25 - Flame Burst,,,,,,,,
,Base Stats,,31 - Dark Pulse,,Base Stats,,31 - Dark Pulse,,,,,,,,
,HP,40,34 - Discharge,,HP,70,34 - Discharge,,,,,,,,
,Attack,65(+20),37 - Flamethrower,,Attack,95(+20),37 - Flamethrower,,,,,,,,
,Defense,40,42 - Thunderbolt,,Defense,70(+10),42 - Thunderbolt,,,,,,,,
,Special Attack,75(+10),50 - Volt Switch,,Special Attack,115(+10),50 - Volt Switch,,,,,,,,
,Special Defense,40,55 - Zap Cannon,,Special Defense,70(+10),55 - Zap Cannon,,,,,,,,
,Speed,85(+20),60 - Overheat,,Speed,115(+10),60 - Overheat,,,,,,,,
,,,,,Evolves at level 30.,,,,,,,,,,
,,,,,,,,,,,,,,,
,,,,,,,,,,,,,,,
,Plusle,,Learnset,,,,,,,,,,,,
,,,1 - ThunderShock,,,,,,,,,,,,
,,,4 - Thunder Wave,,,,,,,,,,,,
,,,10 - Quick Attack,,,,,,,,,,,,
,,,13 - Grass Knot,,,,,,,,,,,,
,,,19 - Shock Wave,,,,,,,,,,,,
,ELECTRIC,,22 - Electro Ball,,,,,,,,,,,,
,Ability 1,Motor Drive,28 - Aurora Beam,,,,,,,,,,,,
,Ability 2,Motor Drive,31 - Discharge,,,,,,,,,,,,
,Base Stats,,37 - Thunderbolt,,,,,,,,,,,,
,HP,60,40 - Aura Sphere,,,,,,,,,,,,
,Attack,40,60 - Zap Cannon,,,,,,,,,,,,
,Defense,65(+25),70 - Volt Switch,,,,,,,,,,,,
,Special Attack,115(+30),,,,,,,,,,,,,
,Special Defense,75,,,,,,,,,,,,,
,Speed,125(+30),,,,,,,,,,,,,
,,,,,,,,,,,,,,,
,,,,,,,,,,,,,,,
,Minun,,Learnset,,,,,,,,,,,,
,,,1 - Growl,,,,,,,,,,,,
,,,4 - ThunderShock,,,,,,,,,,,,
,,,10 - Quick Attack,,,,,,,,,,,,
,,,13 - Electroweb,,,,,,,,,,,,
,,,19 - Electro Ball,,,,,,,,,,,,
,ELECTRIC,,22 - Thunder Wave,,,,,,,,,,,,
,Ability 1,Volt Absorb,27 - Discharge,,,,,,,,,,,,
,Ability 2,Volt Absorb,31 - Fake Tears,,,,,,,,,,,,
,Base Stats,,34 - Helping Hand,,,,,,,,,,,,
,HP,90(+30),37 - Thunderbolt,,,,,,,,,,,,
,Attack,30(-10),40 - Charm,,,,,,,,,,,,
,Defense,90(+40),44 - Volt Switch,,,,,,,,,,,,
,Special Attack,90(+15),50 - Fling,,,,,,,,,,,,
,Special Defense,95(+10),60 - Encore,,,,,,,,,,,,
,Speed,95,,,,,,,,,,,,,
,,,,,,,,,,,,,,,
,,,,,,,,,,,,,,,
,Illumise,,Learnset,,,,,,,,,,,,
,,,1 - Tackle,,,,,,,,,,,,
,,,5 - Silver Wind,,,,,,,,,,,,
,,,9 - Confusion,,,,,,,,,,,,
,,,13 - Moonlight,,,,,,,,,,,,
,,,17 - Encore,,,,,,,,,,,,
,BUG,PSYCHIC,21 - Psybeam,,,,,,,,,,,,
,Ability 1,Flash Fire,25 - Signal Beam,,,,,,,,,,,,
,Ability 2,Flash Fire,29 - Extrasensory,,,,,,,,,,,,
,Base Stats,,33 - U-Turn,,,,,,,,,,,,
,HP,75(+10),37 - Psychic,,,,,,,,,,,,
,Attack,47,40 - Bug Buzz,,,,,,,,,,,,
,Defense,55,44 - Tailwind,,,,,,,,,,,,
,Special Attack,108(+35),60 - Psycho Boost,,,,,,,,,,,,
,Special Defense,105(+20),,,,,,,,,,,,,
,Speed,115(+30),,,,,,,,,,,,,
,"Now learns TM03, TM29, TM53",,,,,,,,,,,,,,
,,,,,,,,,,,,,,,
,,,,,,,,,,,,,,,
,Volbeat,,Learnset,,,,,,,,,,,,
,,,1 - Tackle,,,,,,,,,,,,
,,,5 - Fury Cutter,,,,,,,,,,,,
,,,9 - Flame Wheel,,,,,,,,,,,,
,,,13 - Moonlight,,,,,,,,,,,,
,,,17 - Encore,,,,,,,,,,,,
,BUG,FIRE,21 - Fire Fang,,,,,,,,,,,,
,Ability 1,Volt Absorb,25 - Leech Life,,,,,,,,,,,,
,Ability 2,Volt Absorb,29 - Will-O-Wisp,,,,,,,,,,,,
,Base Stats,,33 - Helping Hand,,,,,,,,,,,,
,HP,95(+30),37 - X-Scissor,,,,,,,,,,,,
,Attack,103(+30),40 - Blaze Kick,,,,,,,,,,,,
,Defense,85(+10),44 - Earthquake,,,,,,,,,,,,
,Special Attack,42(-5),48 - Wild Charge,,,,,,,,,,,,
,Special Defense,85,50 - U-Turn,,,,,,,,,,,,
,Speed,95(+10),55 - Flare Blitz,,,,,,,,,,,,
,"Now learns TM35, TM38. TM43, TM50, TM61, TM93",,,,,,,,,,,,,,
,,,,,,,,,,,,,,,
,,,,,,,,,,,,,,,
,Roselia,,Learnset,,Roserade,,Learnset,,,,,,,,
,,,1 - Absorb,,,,1 - Absorb,,,,,,,,
,,,5 - PoisonPowder,,,,5 - PoisonPowder,,,,,,,,
,,,9 - Acid,,,,9 - Acid,,,,,,,,
,,,13 - Stun Spore,,,,13 - Stun Spore,,,,,,,,
,,,17 - Synthesis,,,,17 - Synthesis,,,,,,,,
,GRASS,POISON,21 - Leech Seed,,GRASS,POISON,21 - Leech Seed,,,,,,,,
,Ability 1,Natural Cure,24 - Sludge,,Ability 1,Natural Cure,24 - Sludge,,,,,,,,
,Ability 2,Technician,27 - Mega Drain,,Ability 2,Technician,27 - Mega Drain,,,,,,,,
,Base Stats,,33 - Acid Spray,,Base Stats,,33 - Acid Spray,,,,,,,,
,HP,50,37 - Sludge Bomb,,HP,70(+10),37 - Sludge Bomb,,,,,,,,
,Attack,65,41 - Energy Ball,,Attack,70,41 - Energy Ball,,,,,,,,
,Defense,45,45 - Toxic,,Defense,65,45 - Toxic,,,,,,,,
,Special Attack,100,50 - Spikes,,Special Attack,125,50 - Spikes,,,,,,,,
,Special Defense,80,60 - Sludge Wave,,Special Defense,110,60 - Sludge Wave,,,,,,,,
,Speed,85(+20),65 - Petal Dance,,Speed,95(+5),65 - Petal Dance,,,,,,,,
,,,70 - Leaf Storm,,Evolves via Shiny Stone.,,70 - Leaf Storm,,,,,,,,
,,,,,Now learns TM34,,,,,,,,,,
,,,,,,,,,,,,,,,
,,,,,,,,,,,,,,,
,Gulpin,,Learnset,,Swalot,,Learnset,,,,,,,,
,,,1 - Pound,,,,1 - Pound,,,,,,,,
,,,1 - Acid,,,,1 - Acid,,,,,,,,
,,,1 - Poison Gas,,,,1 - Poison Gas,,,,,,,,
,,,14 - Venoshock,,,,14 - Venoshock,,,,,,,,
,,,20 - Acid Spray,,,,20 - Acid Spray,,,,,,,,
,POISON,,23 - Yawn,,POISON,,23 - Yawn,,,,,,,,
,Ability 1,Regenerator,26 - Sludge Bomb,,Ability 1,Regenerator,26 - Sludge Bomb,,,,,,,,
,Ability 2,Regenerator,30 - Toxic,,Ability 2,Regenerator,30 - Toxic,,,,,,,,
,Base Stats,,35 - Knock Off,,Base Stats,,35 - Knock Off,,,,,,,,
,HP,70,40 - Sludge Wave,,HP,100,40 - Sludge Wave,,,,,,,,
,Attack,43,45 - Recover,,Attack,73,45 - Recover,,,,,,,,
,Defense,73(+20),,,Defense,93(+10),,,,,,,,,
,Special Attack,73(+30),,,Special Attack,93(+20),,,,,,,,,
,Special Defense,73(+20),,,Special Defense,93(+10),,,,,,,,,
,Speed,40,,,Speed,55,,,,,,,,,
,,,,,Evolves at level 26.,,,,,,,,,,
,,,,,Now learns TM83,,,,,,,,,,
,,,,,,,,,,,,,,,
,,,,,,,,,,,,,,,
,Carvanha,,Learnset,,Sharpedo,,Learnset,,,,,,,,
,,,1 - Protect,,,,1 - Protect,,,,,,,,
,,,1 - Tackle,,,,1 - Tackle,,,,,,,,
,,,1 - Leer,,,,1 - Leer,,,,,,,,
,,,1 - BubbleBeam,,,,1 - BubbleBeam,,,,,,,,
,,,7 - Bite,,,,7 - Bite,,,,,,,,
,WATER,DARK,13 - Screech,,WATER,DARK,13 - Screech,,,,,,,,
,Ability 1,Speed Boost,21 - Aqua Jet,,Ability 1,Speed Boost,21 - Aqua Jet,,,,,,,,
,Ability 2,Speed Boost,28 - Waterfall,,Ability 2,Speed Boost,28 - Waterfall,,,,,,,,
,Base Stats,,35 - Crunch,,Base Stats,,35 - Crunch,,,,,,,,
,HP,45,40 - Dark Pulse,,HP,70,40 - Dark Pulse,,,,,,,,
,Attack,90,55 - Close Combat,,Attack,120,55 - Close Combat,,,,,,,,
,Defense,30(+10),60 - Hydro Cannon,,Defense,60(+20),60 - Hydro Cannon,,,,,,,,
,Special Attack,75(+10),65 - Night Daze,,Special Attack,115(+20),65 - Night Daze,,,,,,,,
,Special Defense,30(+10),,,Special Defense,60(+20),,,,,,,,,
,Speed,65,,,Speed,95,,,,,,,,,
,,,,,Evolves at level 40.,,,,,,,,,,
,,,,,Now learns TM33,,,,,,,,,,
,,,,,,,,,,,,,,,
,,,,,,,,,,,,,,,
,Wailmer,,Learnset,,Wailord,,Learnset,,,,,,,,
,,,1 - Water Gun,,,,1 - Water Gun,,,,,,,,
,,,8 - Swift,,,,8 - Swift,,,,,,,,
,,,15 - BubbleBeam,,,,15 - BubbleBeam,,,,,,,,
,,,22 - Icy Wind,,,,22 - Icy Wind,,,,,,,,
,,,29 - Rest,,,,29 - Rest,,,,,,,,
,WATER,NORMAL,35 - Water Spout,,WATER,NORMAL,35 - Water Spout,,,,,,,,
,Ability 1,Thick Fat,39 - Scald,,Ability 1,Levitate,39 - Scald,,,,,,,,
,Ability 2,Thick Fat,43 - Hyper Voice,,Ability 2,Levitate,43 - Hyper Voice,,,,,,,,
,Base Stats,,50 - Soak,,Base Stats,,50 - Soak,,,,,,,,
,HP,130,56 - Hyper Beam,,HP,170,56 - Hyper Beam,,,,,,,,
,Attack,70,62 - Hydro Cannon,,Attack,90,62 - Hydro Cannon,,,,,,,,
,Defense,55(+20),,,Defense,65(+20),,,,,,,,,
,Special Attack,90(+20),,,Special Attack,110(+20),,,,,,,,,
,Special Defense,65(+30),,,Special Defense,95(+50),,,,,,,,,
,Speed,1(-59),,,Speed,1(-59),,,,,,,,,
,,,,,Evolves at level 35.,,,,,,,,,,
,,,,,"Now learns TM33, TM83",,,,,,,,,,
,,,,,,,,,,,,,,,
,,,,,,,,,,,,,,,
,Numel,,Learnset,,Camerupt,,Learnset,,,,,,,,
,,,1 - Growl,,,,1 - Growl,,,,,,,,
,,,1 - Tackle,,,,1 - Tackle,,,,,,,,
,,,5 - Rock Throw,,,,5 - Rock Throw,,,,,,,,
,,,10 - Ember,,,,10 - Ember,,,,,,,,
,,,16 - Mud Shot,,,,16 - Mud Shot,,,,,,,,
,FIRE,GROUND,21 - Rock Slide,,FIRE,GROUND,21 - Rock Slide,,,,,,,,
,Ability 1,Solid Rock,27 - Flame Wheel,,Ability 1,Shell Armor,27 - Flame Wheel,,,,,,,,
,Ability 2,Sheer Force,31 - Power Gem,,Ability 2,Sheer Force,31 - Power Gem,,,,,,,,
,Base Stats,,33 - Lava Plume,,Base Stats,,33 - Lava Plume,,,,,,,,
,HP,80(+20),39 - Earth Power,,HP,90(+20),39 - Earth Power,,,,,,,,
,Attack,70(+10),44 - Flamethrower,,Attack,100,44 - Flamethrower,,,,,,,,
,Defense,70(+30),50 - Eruption,,Defense,90(+20),50 - Eruption,,,,,,,,
,Special Attack,75(+10),55 - Heat Wave,,Special Attack,110(+5),55 - Heat Wave,,,,,,,,
,Special Defense,75(+30),60 - Overheat,,Special Defense,95(+20),60 - Overheat,,,,,,,,
,Speed,35,75 - Stealth Rock,,Speed,40,75 - Stealth Rock,,,,,,,,
,,,,,Evolves at level 33.,,,,,,,,,,
,,,,,"Now learns TM19, TM83",,,,,,,,,,
,,,,,,,,,,,,,,,
,,,,,,,,,,,,,,,
,Spinda,,Learnset,,,,,,,,,,,,
,,,1 - Tackle,,,,,,,,,,,,
,,,5 - Uproar,,,,,,,,,,,,
,,,12 - Faint Attack,,,,,,,,,,,,
,,,16 - Psybeam,,,,,,,,,,,,
,,,20 - Fake Out,,,,,,,,,,,,
,NORMAL,PSYCHIC,25 - Hyper Voice,,,,,,,,,,,,
,Ability 1,Adaptability,30 - Psychic,,,,,,,,,,,,
,Ability 2,Adaptability,35 - Superpower,,,,,,,,,,,,
,Base Stats,,40 - Psycho Boost,,,,,,,,,,,,
,HP,90(+30),40 - Double-Edge,,,,,,,,,,,,
,Attack,90(+30),44 - Sucker Punch,,,,,,,,,,,,
,Defense,90(+30),48 - Trick Room,,,,,,,,,,,,
,Special Attack,90(+30),,,,,,,,,,,,,
,Special Defense,90(+30),,,,,,,,,,,,,
,Speed,90(+30),,,,,,,,,,,,,
,Now learns TM03. TM64,,,,,,,,,,,,,,
,,,,,,,,,,,,,,,
,,,,,,,,,,,,,,,
,Torkoal,,Learnset,,,,,,,,,,,,
,,,1 - Ember,,,,,,,,,,,,
,,,4 - Will-O-Wisp,,,,,,,,,,,,
,,,7 - Rock Tomb,,,,,,,,,,,,
,,,16 - Flame Wheel,,,,,,,,,,,,
,,,21 - Rock Slide,,,,,,,,,,,,
,FIRE,,27 - Protect,,,,,,,,,,,,
,Ability 1,Shell Armor,30 - Lava Plume,,,,,,,,,,,,
,Ability 2,Shell Armor,37 - Earthquake,,,,,,,,,,,,
,Base Stats,,43 - Power Gem,,,,,,,,,,,,
,HP,70,46 - Heat Wave,,,,,,,,,,,,
,Attack,100(+15),55 - Eruption,,,,,,,,,,,,
,Defense,140,62 - Overheat,,,,,,,,,,,,
,Special Attack,100(+15),,,,,,,,,,,,,
,Special Defense,70,,,,,,,,,,,,,
,Speed,20,,,,,,,,,,,,,
,"Now learns TM19, TM83",,,,,,,,,,,,,,
,,,,,,,,,,,,,,,
,,,,,,,,,,,,,,,
,Spoink,,Learnset,,Grumpig,,Learnset,,,,,,,,
,,,1 - Pound,,,,1 - Pound,,,,,,,,
,,,1 - Foul Play,,,,1 - Foul Play,,,,,,,,
,,,1 - Disable,,,,1 - Disable,,,,,,,,
,,,5 - Confusion,,,,5 - Confusion,,,,,,,,
,,,10 - Snarl,,,,10 - Snarl,,,,,,,,
,PSYCHIC,DARK,15 - Psybeam,,PSYCHIC,DARK,15 - Psybeam,,,,,,,,
,Ability 1,Thick Fat,20 - Knock Off,,Ability 1,Thick Fat,20 - Knock Off,,,,,,,,
,Ability 2,Thick Fat,23 - Psyshock,,Ability 2,Thick Fat,23 - Psyshock,,,,,,,,
,Base Stats,,29 - Dark Pulse,,Base Stats,,29 - Dark Pulse,,,,,,,,
,HP,70(+10),37 - Psychic,,HP,90(+10),37 - Psychic,,,,,,,,
,Attack,25,42 - Future Sight,,Attack,45,42 - Future Sight,,,,,,,,
,Defense,55(+20),47 - Skill Swap,,Defense,70(+5),47 - Skill Swap,,,,,,,,
,Special Attack,80(+10),50 - Mist Ball,,Special Attack,110(+20),50 - Mist Ball,,,,,,,,
,Special Defense,90(+10),55 - Night Daze,,Special Defense,120(+10),55 - Night Daze,,,,,,,,
,Speed,60,60 - Psycho Boost,,Speed,80,60 - Psycho Boost,,,,,,,,
,,,,,Evolves at level 32.,,,,,,,,,,
,,,,,,,,,,,,,,,
,,,,,,,,,,,,,,,
,Trapinch,,Learnset,,Vibrava,,Learnset,,Flygon,,Learnset,,,,
,,,1 - Bite,,,,1 - Bite,,,,1 - Bite,,,,
,,,9 - Bulldoze,,,,9 - Bulldoze,,,,9 - Bulldoze,,,,
,,,17 - Faint Attack,,,,17 - Faint Attack,,,,17 - Faint Attack,,,,
,,,20 - Dig,,,,20 - Dig,,,,20 - Dig,,,,
,,,23 - Rock Slide,,,,23 - Rock Slide,,,,23 - Rock Slide,,,,
,GROUND,,27 - Dragon Claw,,GROUND,DRAGON,27 - Dragon Claw,,GROUND,DRAGON,27 - Dragon Claw,,,,
,Ability 1,Arena Trap,33 - Crunch,,Ability 1,Levitate,33 - Crunch,,Ability 1,Levitate,33 - Crunch,,,,
,Ability 2,Arena Trap,38 - Earth Power,,Ability 2,Levitate,38 - Earth Power,,Ability 2,Levitate,38 - Earth Power,,,,
,Base Stats,,43 - Dragon Pulse,,Base Stats,,43 - Dragon Pulse,,Base Stats,,43 - Dragon Pulse,,,,
,HP,45,46 - Earthquake,,HP,70(+20),46 - Earthquake,,HP,80,46 - Earthquake,,,,
,Attack,100,55 - Heat Wave,,Attack,80(+10),55 - Heat Wave,,Attack,110(+10),55 - Heat Wave,,,,
,Defense,45,65 - Fissure,,Defense,70(+20),65 - Fissure,,Defense,90(+10),65 - Fissure,,,,
,Special Attack,45,70 - Draco Meteor,,Special Attack,80(+30),70 - Draco Meteor,,Special Attack,120(+40),70 - Draco Meteor,,,,
,Special Defense,45,75 - Outrage,,Special Defense,70(+20),75 - Outrage,,Special Defense,90(+10),75 - Outrage,,,,
,Speed,10,,,Speed,80(+10),,,Speed,110(+10),,,,,
,,,,,Evolves at level 27.,,,,Evolves at level 65.,,,,,,
,,,,,,,,,Now learns TM19,,,,,,
,,,,,,,,,,,,,,,
,,,,,,,,,,,,,,,
,Cacnea,,Learnset,,Cacturne,,Learnset,,,,,,,,
,,,1 - Absorb,,,,1 - Absorb,,,,,,,,
,,,3 - Mega Drain,,,,3 - Mega Drain,,,,,,,,
,,,8 - Knock Off,,,,8 - Knock Off,,,,,,,,
,,,16 - Faint Attack,,,,16 - Faint Attack,,,,,,,,
,,,16 - Leech Seed,,,,16 - Leech Seed,,,,,,,,
,GRASS,DARK,23 - Giga Drain,,GRASS,DARK,23 - Giga Drain,,,,,,,,
,Ability 1,Water Absorb,31 - Crunch,,Ability 1,Water Absorb,31 - Crunch,,,,,,,,
,Ability 2,Sand Rush,34 - Spikes,,Ability 2,Sand Rush,34 - Spikes,,,,,,,,
,Base Stats,,37 - Leaf Blade,,Base Stats,,37 - Leaf Blade,,,,,,,,
,HP,50,45 - Needle Arm,,HP,70,45 - Needle Arm,,,,,,,,
,Attack,85,50 - Close Combat,,Attack,115,50 - Close Combat,,,,,,,,
,Defense,60(+20),55 - Night Daze,,Defense,70(+10),55 - Night Daze,,,,,,,,
,Special Attack,85,60 - Leaf Storm,,Special Attack,115,60 - Leaf Storm,,,,,,,,
,Special Defense,60(+20),65 - Sucker Punch,,Special Defense,70(+10),65 - Sucker Punch,,,,,,,,
,Speed,65(+30),,,Speed,85(+30),,,,,,,,,
,,,,,Evolves at level 32.,,,,,,,,,,
,,,,,Now learns TM77,,,,,,,,,,
,,,,,,,,,,,,,,,
,,,,,,,,,,,,,,,
,Swablu,,Learnset,,Altaria,,Learnset,,,,,,,,
,,,1 - Gust,,,,1 - Gust,,,,,,,,
,,,1 - Leer,,,,1 - Leer,,,,,,,,
,,,1 - Twister,,,,1 - Twister,,,,,,,,
,,,8 - Air Cutter,,,,8 - Air Cutter,,,,,,,,
,,,15 - Swift,,,,15 - Swift,,,,,,,,
,NORMAL,FLYING,21 - DragonBreath,,DRAGON,FLYING,21 - DragonBreath,,,,,,,,
,Ability 1,Cloud Nine,26 - Air Slash,,Ability 1,Cloud Nine,26 - Air Slash,,,,,,,,
,Ability 2,Cloud Nine,35 - Dragon Pulse,,Ability 2,Cloud Nine,35 - Dragon Pulse,,,,,,,,
,Base Stats,,38 - Roost,,Base Stats,,38 - Roost,,,,,,,,
,HP,65(+20),42 - Aeroblast,,HP,95(+20),42 - Aeroblast,,,,,,,,
,Attack,40,50 - Tailwind,,Attack,50(-20),50 - Tailwind,,,,,,,,
,Defense,60,55 - Perish Song,,Defense,90,55 - Perish Song,,,,,,,,
,Special Attack,80(+40),60 - Will-O-Wisp,,Special Attack,100(+30),60 - Will-O-Wisp,,,,,,,,
,Special Defense,85(+10),65 - Draco Meteor,,Special Defense,105,65 - Draco Meteor,,,,,,,,
,Speed,70(+20),,,Speed,80,,,,,,,,,
,,,,,Evolves at level 35.,,,,,,,,,,
,,,,,,,,,,,,,,,
,,,,,,,,,,,,,,,
,Zangoose,,Learnset,,,,,,,,,,,,
,,,1 - Quick Attack,,,,,,,,,,,,
,,,10 - Karate Chop,,,,,,,,,,,,
,,,15 - Headbutt,,,,,,,,,,,,
,,,20 - Brick Break,,,,,,,,,,,,
,,,26 - Take Down,,,,,,,,,,,,
,NORMAL,FIGHTING,30 - Detect,,,,,,,,,,,,
,Ability 1,Toxic Boost,35 - Night Slash,,,,,,,,,,,,
,Ability 2,Toxic Boost,39 - Submission,,,,,,,,,,,,
,Base Stats,,44 - Crush Claw,,,,,,,,,,,,
,HP,75(+2),47 - Fake Out,,,,,,,,,,,,
,Attack,115,50 - Vital Throw,,,,,,,,,,,,
,Defense,70(+10),55 - Double-Edge,,,,,,,,,,,,
,Special Attack,80(+20),60 - Close Combat,,,,,,,,,,,,
,Special Defense,70(+10),65 - Superpower,,,,,,,,,,,,
,Speed,90,,,,,,,,,,,,,
,,,,,,,,,,,,,,,
,,,,,,,,,,,,,,,
,Seviper,,Learnset,,,,,,,,,,,,
,,,1 - Glare,,,,,,,,,,,,
,,,7 - Poison Sting,,,,,,,,,,,,
,,,10 - Bite,,,,,,,,,,,,
,,,16 - Poison Fang,,,,,,,,,,,,
,,,20 - Knock Off,,,,,,,,,,,,
,POISON,DARK,25 - Ice Fang,,,,,,,,,,,,
,Ability 1,Sheer Force,25 - Thunder Fang,,,,,,,,,,,,
,Ability 2,Sheer Force,25 - Fire Fang,,,,,,,,,,,,
,Base Stats,,32 - Submission,,,,,,,,,,,,
,HP,75(+2),38 - Poison Jab,,,,,,,,,,,,
,Attack,115(+15),42 - Crunch,,,,,,,,,,,,
,Defense,70(+10),50 - Superpower,,,,,,,,,,,,
,Special Attack,80(-20),55 - Sucker Punch,,,,,,,,,,,,
,Special Defense,70(+10),65 - Gunk Shot,,,,,,,,,,,,
,Speed,90(+25),,,,,,,,,,,,,
,Now learns TM21,,,,,,,,,,,,,,
,,,,,,,,,,,,,,,
,,,,,,,,,,,,,,,
,Lunatone,,Learnset,,,,,,,,,,,,
,,,1 - Leer,,,,,,,,,,,,
,,,5 - Night Shade,,,,,,,,,,,,
,,,10 - Ominous Wind,,,,,,,,,,,,
,,,15 - Rock Throw,,,,,,,,,,,,
,,,20 - Hypnosis,,,,,,,,,,,,
,ROCK,GHOST,25 - Hex,,,,,,,,,,,,
,Ability 1,Levitate,32 - Moonlight,,,,,,,,,,,,
,Ability 2,Levitate,38 - Shadow Ball,,,,,,,,,,,,
,Base Stats,,42 - Power Gem,,,,,,,,,,,,
,HP,90,46 - Earth Power,,,,,,,,,,,,
,Attack,55,60 - Stealth Rock,,,,,,,,,,,,
,Defense,70(+5),,,,,,,,,,,,,
,Special Attack,125(+30),,,,,,,,,,,,,
,Special Defense,110(+25),,,,,,,,,,,,,
,Speed,80(+10),,,,,,,,,,,,,
,Now learns TM83,,,,,,,,,,,,,,
,,,,,,,,,,,,,,,
,,,,,,,,,,,,,,,
,Solrock,,Learnset,,,,,,,,,,,,
,,,1 - Leer,,,,,,,,,,,,
,,,5 - Rock Tomb,,,,,,,,,,,,
,,,10 - Ember,,,,,,,,,,,,
,,,15 - Flame Wheel,,,,,,,,,,,,
,,,20 - Will-O-Wisp,,,,,,,,,,,,
,ROCK,FIRE,25 - Rock Slide,,,,,,,,,,,,
,Ability 1,Levitate,32 - Morning Sun,,,,,,,,,,,,
,Ability 2,Levitate,38 - Sacred Fire,,,,,,,,,,,,
,Base Stats,,42 - Rock Climb,,,,,,,,,,,,
,HP,90,46 - Earthquake,,,,,,,,,,,,
,Attack,125(+30),52 - Stone Edge,,,,,,,,,,,,
,Defense,110(+25),56 - Flare Blitz,,,,,,,,,,,,
,Special Attack,55,60 - Stealth Rock,,,,,,,,,,,,
,Special Defense,70(+5),,,,,,,,,,,,,
,Speed,80(+10),,,,,,,,,,,,,
,,,,,,,,,,,,,,,
,,,,,,,,,,,,,,,
,Barboach,,Learnset,,Whiscash,,Learnset,,,,,,,,
,,,1 - Tackle,,,,1 - Tackle,,,,,,,,
,,,1 - Growl,,,,1 - Growl,,,,,,,,
,,,1 - Mud Slap,,,,1 - Mud Slap,,,,,,,,
,,,10 - Aqua Jet,,,,10 - Aqua Jet,,,,,,,,
,,,16 - Bulldoze,,,,16 - Bulldoze,,,,,,,,
,GROUND,WATER,20 - BubbleBeam,,GROUND,WATER,20 - BubbleBeam,,,,,,,,
,Ability 1,Mold Breaker,25 - Dig,,Ability 1,Mold Breaker,25 - Dig,,,,,,,,
,Ability 2,Adaptability,29 - Rock Climb,,Ability 2,Adaptability,29 - Rock Climb,,,,,,,,
,Base Stats,,33 - Waterfall,,Base Stats,,33 - Waterfall,,,,,,,,
,HP,50,37 - Icicle Crash,,HP,110,37 - Icicle Crash,,,,,,,,
,Attack,78(+30),44 - Earthquake,,Attack,98(+20),44 - Earthquake,,,,,,,,
,Defense,43,,,Defense,93(+20),,,,,,,,,
,Special Attack,46,,,Special Attack,76,,,,,,,,,
,Special Defense,41,,,Special Defense,91(+20),,,,,,,,,
,Speed,80(+20),,,Speed,60,,,,,,,,,
,,,,,Evolves at level 30.,,,,,,,,,,
,,,,,"Now learns TM19, TM33",,,,,,,,,,
,,,,,,,,,,,,,,,
,,,,,,,,,,,,,,,
,Baltoy,,Learnset,,Claydol,,Learnset,,,,,,,,
,,,1 - Baton Pass,,,,1 - Baton Pass,,,,,,,,
,,,1 - Confusion,,,,1 - Confusion,,,,,,,,
,,,1 - Rapid Spin,,,,1 - Rapid Spin,,,,,,,,
,,,5 - Mud Shot,,,,5 - Mud Shot,,,,,,,,
,,,11 - Psybeam,,,,11 - Psybeam,,,,,,,,
,GROUND,PSYCHIC,15 - Rock Throw,,GROUND,PSYCHIC,15 - Rock Throw,,,,,,,,
,Ability 1,Levitate,20 - Extrasensory,,Ability 1,Levitate,20 - Extrasensory,,,,,,,,
,Ability 2,Levitate,25 - Mud Bomb,,Ability 2,Levitate,25 - Mud Bomb,,,,,,,,
,Base Stats,,30 - Psychic,,Base Stats,,30 - Psychic,,,,,,,,
,HP,50(+10),34 - Earth Power,,HP,80(+20),34 - Earth Power,,,,,,,,
,Attack,30(-10),44 - Trick Room,,Attack,50(-20),44 - Trick Room,,,,,,,,
,Defense,65(+10),55 - Stealth Rock,,Defense,105,55 - Stealth Rock,,,,,,,,
,Special Attack,70(+30),,,Special Attack,90(+20),,,,,,,,,
,Special Defense,80(+10),,,Special Defense,120,,,,,,,,,
,Speed,55,,,Speed,85(+10),,,,,,,,,
,,,,,Evolves at level 36.,,,,,,,,,,
,,,,,Now learns TM83,,,,,,,,,,
,,,,,,,,,,,,,,,
,,,,,,,,,,,,,,,
,Corphish,,Learnset,,Crawdaunt,,Learnset,,,,,,,,
,,,1 - Tackle,,,,1 - Tackle,,,,,,,,
,,,1 - Leer,,,,1 - Leer,,,,,,,,
,,,1 - Knock Off,,,,1 - Knock Off,,,,,,,,
,,,1 - Water Gun,,,,1 - Water Gun,,,,,,,,
,,,7 - Bite,,,,7 - Bite,,,,,,,,
,WATER,,13 - Aqua Jet,,WATER,DARK,13 - Aqua Jet,,,,,,,,
,Ability 1,Adaptability,21 - BubbleBeam,,Ability 1,Adaptability,21 - BubbleBeam,,,,,,,,
,Ability 2,Shell Armor,30 - Razor Shell,,Ability 2,Shell Armor,30 - Razor Shell,,,,,,,,
,Base Stats,,34 - Crunch,,Base Stats,,34 - Crunch,,,,,,,,
,HP,63(+20),40 - Crabhammer,,HP,83(+20),40 - Crabhammer,,,,,,,,
,Attack,80,44 - Protect,,Attack,120,44 - Protect,,,,,,,,
,Defense,65,50 - Payback,,Defense,95(+10),50 - Payback,,,,,,,,
,Special Attack,50,55 - Superpower,,Special Attack,90,55 - Superpower,,,,,,,,
,Special Defense,35,60 - Aqua Tail,,Special Defense,75(+20),60 - Aqua Tail,,,,,,,,
,Speed,35,75 - Sucker Punch,,Speed,55,75 - Sucker Punch,,,,,,,,
,,,,,Evolves at level 30.,,,,,,,,,,
,,,,,"Now learns TM21, TM33",,,,,,,,,,
,,,,,,,,,,,,,,,
,,,,,,,,,,,,,,,
,Lileep,,Learnset,,Cradily,,Learnset,,,,,,,,
,,,1 - Mega Drain,,,,1 - Mega Drain,,,,,,,,
,,,8 - Rock Throw,,,,8 - Rock Throw,,,,,,,,
,,,15 - Acid Spray,,,,15 - Acid Spray,,,,,,,,
,,,22 - Gastro Acid,,,,22 - Gastro Acid,,,,,,,,
,,,26 - Leech Seed,,,,26 - Leech Seed,,,,,,,,
,ROCK,GRASS,30 - Brine,,ROCK,GRASS,30 - Brine,,,,,,,,
,Ability 1,Poison Heal,36 - Giga Drain,,Ability 1,Poison Heal,36 - Giga Drain,,,,,,,,
,Ability 2,Water Absorb,40 - Power Gem,,Ability 2,Water Absorb,40 - Power Gem,,,,,,,,
,Base Stats,,50 - Recover,,Base Stats,,50 - Recover,,,,,,,,
,HP,76(+10),55 - Mirror Coat,,HP,106(+20),55 - Mirror Coat,,,,,,,,
,Attack,41,60 - Stealth Rock,,Attack,81,60 - Stealth Rock,,,,,,,,
,Defense,87(+10),,,Defense,107(+10),,,,,,,,,
,Special Attack,61,,,Special Attack,91(+10),,,,,,,,,
,Special Defense,87,,,Special Defense,107,,,,,,,,,
,Speed,23,,,Speed,13(-30),,,,,,,,,
,,,,,Evolves at level 40.,,,,,,,,,,
,,,,,"Now learns TM19, TM83, TM77",,,,,,,,,,
,,,,,,,,,,,,,,,
,,,,,,,,,,,,,,,
,Anorith,,Learnset,,Armaldo,,Learnset,,,,,,,,
,,,1 - Rapid Spin,,,,1 - Rapid Spin,,,,,,,,
,,,7 - Rock Tomb,,,,7 - Rock Tomb,,,,,,,,
,,,10 - Aqua Jet,,,,10 - Aqua Jet,,,,,,,,
,,,14 - Bug Bite,,,,14 - Bug Bite,,,,,,,,
,,,19 - Rock Smash,,,,19 - Rock Smash,,,,,,,,
,BUG,ROCK,22 - Knock Off,,BUG,ROCK,22 - Knock Off,,,,,,,,
,Ability 1,Battle Armor,25 - Leech Life,,Ability 1,Battle Armor,25 - Leech Life,,,,,,,,
,Ability 2,Skill Link,31 - Rock Slide,,Ability 2,Skill Link,31 - Rock Slide,,,,,,,,
,Base Stats,,36 - X-Scissor,,Base Stats,,36 - X-Scissor,,,,,,,,
,HP,45,40 - Protect,,HP,75,40 - Protect,,,,,,,,
,Attack,95,44 - Drill Run,,Attack,125,44 - Drill Run,,,,,,,,
,Defense,70(+20),48 - Rock Climb,,Defense,100,48 - Rock Climb,,,,,,,,
,Special Attack,40,52 - Stone Edge,,Special Attack,50(-20),52 - Stone Edge,,,,,,,,
,Special Defense,50,56 - Power Whip,,Special Defense,80,56 - Power Whip,,,,,,,,
,Speed,75,60 - Superpower,,Speed,75(+30),60 - Superpower,,,,,,,,
,,,65 - Rock Blast,,Evolves at level 40.,,65 - Rock Blast,,,,,,,,
,,,65 - Pin Missile,,Now learns HM05,,65 - Pin Missile,,,,,,,,
,,,,,,,,,,,,,,,
,,,,,,,,,,,,,,,
,Feebas,,Learnset,,Milotic,,Learnset,,,,,,,,
,,,1 - Flail,,,,1 - Flail,,,,,,,,
,,,20 - BubbleBeam,,,,20 - BubbleBeam,,,,,,,,
,,,25 - Icy Wind,,,,25 - Icy Wind,,,,,,,,
,,,30 - Scald,,,,30 - Scald,,,,,,,,
,,,35 - Mirror Coat,,,,35 - Recover,,,,,,,,
,WATER,,40 - Ice Beam,,WATER,,40 - Ice Beam,,,,,,,,
,Ability 1,Swift Swim,45 - Muddy Water,,Ability 1,Water Absorb,45 - Muddy Water,,,,,,,,
,Ability 2,Swift Swim,50 - Psychic,,Ability 2,Water Absorb,50 - Mirror Coat,,,,,,,,
,Base Stats,,55 - Rest,,Base Stats,,55 - Rest,,,,,,,,
,HP,20,65 - Hydro Cannon,,HP,95,65 - Hydro Cannon,,,,,,,,
,Attack,10,,,Attack,60,,,,,,,,,
,Defense,20,,,Defense,79,,,,,,,,,
,Special Attack,10,,,Special Attack,110(+10),,,,,,,,,
,Special Defense,55,,,Special Defense,125,,,,,,,,,
,Speed,80,,,Speed,81,,,,,,,,,
,,,,,Evolves at level 20.,,,,,,,,,,
,,,,,"Now learns TM29, TM33",,,,,,,,,,
,,,,,,,,,,,,,,,
,,,,,,,,,,,,,,,
,Castform,,Learnset,,Castform-Sunny,,Learnset,,Castform-Rainy,,Learnset,,Castform-Snowy,,Learnset
,,,1 - Tackle,,,,1 - Tackle,,,,1 - Tackle,,,,1 - Tackle
,,,10 - Water Gun,,,,10 - Water Gun,,,,10 - Water Gun,,,,10 - Water Gun
,,,10 - Ember,,,,10 - Ember,,,,10 - Ember,,,,10 - Ember
,,,10 - Powder Snow,,,,10 - Powder Snow,,,,10 - Powder Snow,,,,10 - Powder Snow
,,,20 - Incinerate,,,,20 - Incinerate,,,,20 - Incinerate,,,,20 - Incinerate
,FLYING,,20 - Icy Wind,,FIRE,FLYING,20 - Icy Wind,,WATER,FLYING,20 - Icy Wind,,ICE,FLYING,20 - Icy Wind
,Ability 1,Forecast,20 - Air Cutter,,Ability 1,Forecast,20 - Air Cutter,,Ability 1,Forecast,20 - Air Cutter,,Ability 1,Forecast,20 - Air Cutter
,Ability 2,Forecast,30 - Air Slash,,Ability 2,Forecast,30 - Air Slash,,Ability 2,Forecast,30 - Air Slash,,Ability 2,Forecast,30 - Air Slash
,Base Stats,,40 - Ice Beam,,Base Stats,,40 - Ice Beam,,Base Stats,,40 - Ice Beam,,Base Stats,,40 - Ice Beam
,HP,70,40 - Flamethrower,,HP,70,40 - Flamethrower,,HP,70,40 - Flamethrower,,HP,70,40 - Flamethrower
,Attack,70,40 - Thunderbolt,,Attack,70,40 - Thunderbolt,,Attack,70,40 - Thunderbolt,,Attack,70,40 - Thunderbolt
,Defense,70,40 - Aeroblast,,Defense,70,40 - Aeroblast,,Defense,70,40 - Aeroblast,,Defense,70,40 - Aeroblast
,Special Attack,110(+40),50 - Blizzard,,Special Attack,110(+40),50 - Blizzard,,Special Attack,110(+40),50 - Blizzard,,Special Attack,110(+40),50 - Blizzard
,Special Defense,70,50 - Hydro Pump,,Special Defense,70,50 - Hydro Pump,,Special Defense,70,50 - Hydro Pump,,Special Defense,70,50 - Hydro Pump
,Speed,110(+40),50 - Thunder,,Speed,110(+40),50 - Thunder,,Speed,110(+40),50 - Thunder,,Speed,110(+40),50 - Thunder
,"Now learns TM16, TM19, TM33",,50 - Fire Blast,,,,50 - Fire Blast,,,,50 - Fire Blast,,,,50 - Fire Blast
,,,50 - Hurricane,,,,50 - Hurricane,,,,50 - Hurricane,,,,50 - Hurricane
,,,,,,,,,,,,,,,
,,,,,,,,,,,,,,,
,Kecleon,,Learnset,,,,,,,,,,,,
,,,1 - Knock Off,,,,,,,,,,,,
,,,5 - Astonish,,,,,,,,,,,,
,,,12 - Headbutt,,,,,,,,,,,,
,,,17 - Fake Out,,,,,,,,,,,,
,,,20 - Disable,,,,,,,,,,,,
,NORMAL,GHOST,24 - Screech,,,,,,,,,,,,
,Ability 1,Adaptability,28 - Shadow Punch,,,,,,,,,,,,
,Ability 2,Adaptability,35 - Slash,,,,,,,,,,,,
,Base Stats,,40 - Shadow Claw,,,,,,,,,,,,
,HP,80(+20),44 - Crush Claw,,,,,,,,,,,,
,Attack,100(+10),50 - Double Edge,,,,,,,,,,,,
,Defense,70,55 - Shadow Force,,,,,,,,,,,,
,Special Attack,60,60 - Giga Impact,,,,,,,,,,,,
,Special Defense,120,,,,,,,,,,,,,
,Speed,40,,,,,,,,,,,,,
,Now learns TM64,,,,,,,,,,,,,,
,,,,,,,,,,,,,,,
,,,,,,,,,,,,,,,
,Shuppet,,Learnset,,Banette,,Learnset,,,,,,,,
,,,1 - Knock Off,,,,1 - Knock Off,,,,,,,,
,,,1 - Astonish,,,,1 - Astonish,,,,,,,,
,,,1 - Pound,,,,1 - Pound,,,,,,,,
,,,7 - Shadow Sneak,,,,7 - Shadow Sneak,,,,,,,,
,,,12 - Headbutt,,,,12 - Headbutt,,,,,,,,
,GHOST,NORMAL,17 - Fake Out,,GHOST,NORMAL,17 - Fake Out,,,,,,,,
,Ability 1,Insomnia,24 - Will-O-Wisp,,Ability 1,Insomnia,24 - Will-O-Wisp,,,,,,,,
,Ability 2,Shadow Tag,30 - Shadow Punch,,Ability 2,Shadow Tag,30 - Shadow Punch,,,,,,,,
,Base Stats,,37 - Return,,Base Stats,,37 - Return,,,,,,,,
,HP,44,43 - Shadow Claw,,HP,84(+20),43 - Shadow Claw,,,,,,,,
,Attack,75,50 - Double-Edge,,Attack,115,50 - Double-Edge,,,,,,,,
,Defense,55(+20),55 - Shadow Force,,Defense,83(+20),55 - Shadow Force,,,,,,,,
,Special Attack,45(-18),60 - Endure,,Special Attack,65(-18),60 - Endure,,,,,,,,
,Special Defense,53(+20),,,Special Defense,83(+20),,,,,,,,,
,Speed,63(+18),,,Speed,83(+18),,,,,,,,,
,,,,,Evolves at level 37.,,,,,,,,,,
,,,,,,,,,,,,,,,
,,,,,,,,,,,,,,,
,Duskull,,Learnset,,Dusclops,,Learnset,,Dusknoir,,Learnset,,,,
,,,1 - Astonish,,,,1 - Astonish,,,,1 - Astonish,,,,
,,,1 - Leer,,,,1 - Leer,,,,1 - Leer,,,,
,,,1 - Night Shade,,,,1 - Night Shade,,,,1 - Night Shade,,,,
,,,5 - Disable,,,,5 - Disable,,,,5 - Disable,,,,
,,,8 - Shadow Sneak,,,,8 - Shadow Sneak,,,,8 - Shadow Sneak,,,,
,GHOST,,12 - Foresight,,GHOST,,12 - Foresight,,GHOST,FIGHTING,12 - Foresight,,,,
,Ability 1,Levitate,16 - Knock Off,,Ability 1,Cursed Body,16 - Knock Off,,Ability 1,Levitate,16 - Knock Off,,,,
,Ability 2,Pressure,23 - Rock Smash,,Ability 2,Pressure,23 - Rock Smash,,Ability 2,Iron Fist,23 - Rock Smash,,,,
,Base Stats,,27 - Brick Break,,Base Stats,,27 - Brick Break,,Base Stats,,27 - Brick Break,,,,
,HP,40(+20),34 - Fire Punch,,HP,50(+10),34 - Fire Punch,,HP,85(+40),34 - Fire Punch,,,,
,Attack,60(+20),34 - Ice Punch,,Attack,90(+20),34 - Ice Punch,,Attack,120(+20),34 - Ice Punch,,,,
,Defense,90,34 - ThunderPunch,,Defense,130,34 - ThunderPunch,,Defense,135,34 - ThunderPunch,,,,
,Special Attack,30,37 - Will-O-Wisp,,Special Attack,40,37 - Will-O-Wisp,,Special Attack,65,37 - Will-O-Wisp,,,,
,Special Defense,90,41 - Shadow Punch,,Special Defense,130,41 - Shadow Punch,,Special Defense,135,41 - Shadow Punch,,,,
,Speed,25,50 - Drain Punch,,Speed,25,50 - Drain Punch,,Speed,45,50 - Drain Punch,,,,
,,,58 - Rest,,Evolves at level 30.,,58 - Rest,,Evolves at level 55.,,58 - Rest,,,,
,,,65 - Shadow Force,,,,65 - Shadow Force,,,,65 - Shadow Force,,,,
,,,75 - Hammer Arm,,,,75 - Hammer Arm,,,,75 - Hammer Arm,,,,
,,,,,,,,,,,,,,,
,,,,,,,,,,,,,,,
,Tropius,,Learnset,,,,,,,,,,,,
,,,1 - Leer,,,,,,,,,,,,
,,,1 - Gust,,,,,,,,,,,,
,,,7 - Twister,,,,,,,,,,,,
,,,11 - Mega Drain,,,,,,,,,,,,
,,,17 - DragonBreath,,,,,,,,,,,,
,GRASS,DRAGON,23 - Leech Seed,,,,,,,,,,,,
,Ability 1,Thick Fat,29 - Giga Drain,,,,,,,,,,,,
,Ability 2,Thick Fat,37 - Dragon Pulse,,,,,,,,,,,,
,Base Stats,,43 - Energy Ball,,,,,,,,,,,,
,HP,109(+10),47 - Synthesis,,,,,,,,,,,,
,Attack,68,50 - Heat Wave,,,,,,,,,,,,
,Defense,93(+10),55 - Tailwind,,,,,,,,,,,,
,Special Attack,112(+40),60 - Leaf Storm,,,,,,,,,,,,
,Special Defense,97(+10),65 - Draco Meteor,,,,,,,,,,,,
,Speed,51,70 - Petal Dance,,,,,,,,,,,,
,Now learns TM77,,,,,,,,,,,,,,
,,,,,,,,,,,,,,,
,,,,,,,,,,,,,,,
,Chingling,,Learnset,,Chimecho,,Learnset,,,,,,,,
,,,1 - Wrap,,,,1 - Wrap,,,,,,,,
,,,6 - Confusion,,,,6 - Confusion,,,,,,,,
,,,9 - Mirror Shot,,,,9 - Mirror Shot,,,,,,,,
,,,14 - Psybeam,,,,14 - Psybeam,,,,,,,,
,,,17 - Flash Cannon,,,,17 - Flash Cannon,,,,,,,,
,PSYCHIC,STEEL,22 - Recover,,PSYCHIC,STEEL,22 - Recover,,,,,,,,
,Ability 1,Levitate,25 - Yawn,,Ability 1,Levitate,25 - Yawn,,,,,,,,
,Ability 2,Levitate,30 - Will-O-Wisp,,Ability 2,Levitate,30 - Will-O-Wisp,,,,,,,,
,Base Stats,,33 - Psychic,,Base Stats,,33 - Psychic,,,,,,,,
,HP,65(+20),38 - Heal Bell,,HP,95(+20),38 - Heal Bell,,,,,,,,
,Attack,30,41 - Mist Ball,,Attack,50,41 - Mist Ball,,,,,,,,
,Defense,50,44 - Wish,,Defense,90(+10),44 - Wish,,,,,,,,
,Special Attack,75(+10),47 - Metal Sound,,Special Attack,105(+10),47 - Metal Sound,,,,,,,,
,Special Defense,60(+10),50 - Psycho Boost,,Special Defense,90,50 - Psycho Boost,,,,,,,,
,Speed,45,55 - Future Sight,,Speed,65,55 - Future Sight,,,,,,,,
,,,60 - Trick Room,,Evolves at level 30.,,60 - Trick Room,,,,,,,,
,,,,,Now learns TM61,,,,,,,,,,
,,,,,,,,,,,,,,,
,,,,,,,,,,,,,,,
,Absol,,Learnset,,,,,,,,,,,,
,,,1 - Knock Off,,,,,,,,,,,,
,,,5 - Leer,,,,,,,,,,,,
,,,9 - Taunt,,,,,,,,,,,,
,,,13 - Quick Attack,,,,,,,,,,,,
,,,17 - Bite,,,,,,,,,,,,
,,,21 - Rock Smash,,,,,,,,,,,,
,DARK,PSYCHIC,26 - Heart Stamp,,,,,,,,,,,,
,Ability 1,Defiant,31 - Detect,,,,,,,,,,,,
,Ability 2,Magic Bounce,37 - Night Slash,,,,,,,,,,,,
,Base Stats,,43 - Psycho Cut,,,,,,,,,,,,
,HP,70(+5),47 - Sacred Sword,,,,,,,,,,,,
,Attack,130,47 - Leaf Blade,,,,,,,,,,,,
,Defense,70(+10),55 - Perish Song,,,,,,,,,,,,
,Special Attack,75,60 - Close Combat,,,,,,,,,,,,
,Special Defense,70(+10),65 - Sucker Punch,,,,,,,,,,,,
,Speed,90(+15),,,,,,,,,,,,,
,Now learns TM21,,,,,,,,,,,,,,
,,,,,,,,,,,,,,,
,,,,,,,,,,,,,,,
,Snorunt,,Learnset,,Glalie,,Learnset,,Froslass,,Learnset,,,,
,,,1 - Powder Snow,,,,1 - Powder Snow,,,,1 - Powder Snow,,,,
,,,1 - Leer,,,,1 - Leer,,,,1 - Leer,,,,
,,,8 - Ice Shard,,,,8 - Ice Shard,,,,8 - Ice Shard,,,,
,,,12 - Bite,,,,12 - Bite,,,,12 - Bite,,,,
,,,16 - Icy Wind,,,,16 - Icy Wind,,,,16 - Icy Wind,,,,
,ICE,,19 - Rock Tomb,,ICE,ROCK,19 - Rock Tomb,,ICE,GHOST,19 - Rock Tomb,,,,
,Ability 1,Inner Focus,25 - Aurora Beam,,Ability 1,Intimidate,25 - Aurora Beam,,Ability 1,Levitate,25 - Aurora Beam,,,,
,Ability 2,Inner Focus,30 - Rock Slide,,Ability 2,Intimidate,30 - Protect,,Ability 2,Levitate,30 - Ominous Wind,,,,
,Base Stats,,,,Base Stats,,37 - Icicle Crash,,Base Stats,,37 - Ice Beam,,,,
,HP,70(+20),,,HP,80,43 - Rock Climb,,HP,70,43 - Shadow Ball,,,,
,Attack,70(+20),,,Attack,120(+40),50 - Stone Edge,,Attack,60(-20),60 - Sheer Cold,,,,
,Defense,70(+20),,,Defense,80,,,Defense,70,,,,,
,Special Attack,70(+20),,,Special Attack,40(-40),,,Special Attack,110(+30),,,,,
,Special Defense,70(+20),,,Special Defense,80,,,Special Defense,70,,,,,
,Speed,70(+20),,,Speed,100(+20),,,Speed,120(+10),,,,,
,,,,,Evolves at level 30.,,,,Evolves via Dawn Stone.,,,,,,
,,,,,"Now learns TM39, TM71, TM80, HM04",,,,,,,,,,
,,,,,,,,,,,,,,,
,,,,,,,,,,,,,,,
,Spheal,,Learnset,,Sealeo,,Learnset,,Walrein,,Learnset,,,,
,,,1 - Water Gun,,,,1 - Water Gun,,,,1 - Water Gun,,,,
,,,1 - Growl,,,,1 - Growl,,,,1 - Growl,,,,
,,,1 - Encore,,,,1 - Encore,,,,1 - Encore,,,,
,,,9 - Ice Shard,,,,9 - Ice Shard,,,,9 - Ice Shard,,,,
,,,13 - Aqua Jet,,,,13 - Aqua Jet,,,,13 - Aqua Jet,,,,
,ICE,WATER,16 - Ice Ball,,ICE,WATER,16 - Ice Ball,,ICE,WATER,16 - Ice Ball,,,,
,Ability 1,Thick Fat,21 - Ice Fang,,Ability 1,Thick Fat,21 - Ice Fang,,Ability 1,Thick Fat,21 - Ice Fang,,,,
,Ability 2,Thick Fat,27 - Rest,,Ability 2,Thick Fat,27 - Rest,,Ability 2,Thick Fat,27 - Rest,,,,
,Base Stats,,32 - Waterfall,,Base Stats,,32 - Waterfall,,Base Stats,,32 - Waterfall,,,,
,HP,70,38 - Icicle Crash,,HP,90,38 - Icicle Crash,,HP,100(-10),38 - Icicle Crash,,,,
,Attack,65(+25),42 - Avalanche,,Attack,85(+25),42 - Avalanche,,Attack,110(+30),42 - Avalanche,,,,
,Defense,70(+20),50 - Slack Off,,Defense,90(+20),50 - Slack Off,,Defense,130(+40),50 - Slack Off,,,,
,Special Attack,40(-15),55 - Soak,,Special Attack,60(-15),55 - Soak,,Special Attack,65(-30),55 - Soak,,,,
,Special Defense,40(-10),60 - Aqua Tail,,Special Defense,60(-10),60 - Aqua Tail,,Special Defense,70(-20),60 - Aqua Tail,,,,
,Speed,25,,,Speed,45,,,Speed,65,,,,,
,,,,,Evolves at level 16. ,,,,Evolves at level 32.,,,,,,
,,,,,,,,,Now learns TM33,,,,,,
,,,,,,,,,,,,,,,
,,,,,,,,,,,,,,,
,Relicanth,,Learnset,,,,,,,,,,,,
,,,1 - Tackle,,,,,,,,,,,,
,,,1 - Leer,,,,,,,,,,,,
,,,13 - Rock Tomb,,,,,,,,,,,,
,,,19 - BubbleBeam,,,,,,,,,,,,
,,,25 - Waterfall,,,,,,,,,,,,
,WATER,ROCK,31 - Rock Slide,,,,,,,,,,,,
,Ability 1,Swift Swim,34 - Yawn,,,,,,,,,,,,
,Ability 2,Rock Head,37 - Protect,,,,,,,,,,,,
,Base Stats,,40 - Rock Climb,,,,,,,,,,,,
,HP,110(+10),43 - Wild Charge,,,,,,,,,,,,
,Attack,120(+30),46 - Rest,,,,,,,,,,,,
,Defense,130,52 - Stone Edge,,,,,,,,,,,,
,Special Attack,45,56 - Earthquake,,,,,,,,,,,,
,Special Defense,85(+20),62 - Aqua Tail,,,,,,,,,,,,
,Speed,55,67 - Head Smash,,,,,,,,,,,,
,Now learns TM33,,,,,,,,,,,,,,
,,,,,,,,,,,,,,,
,,,,,,,,,,,,,,,
,Clamperl,,Learnset,,Huntail,,Learnset,,Gorebyss,,Learnset,,,,
,,,1 - Clamp,,,,1 - Whirlpool,,,,1 - Whirlpool,,,,
,,,1 - Water Gun,,,,8 - Bite,,,,8 - Acid,,,,
,,,1 - Aqua Jet,,,,15 - Screech,,,,15 - Acid Spray,,,,
,,,1 - Icy Wind,,,,20 - Aqua Jet,,,,20 - BubbleBeam,,,,
,,,,,,,26 - Taunt,,,,26 - Sludge,,,,
,WATER,,,,WATER,DARK,32 - Waterfall,,WATER,POISON,32 - Scald,,,,
,Ability 1,Shell Armor,,,Ability 1,Shell Armor,36 - Crunch,,Ability 1,Swift Swim,36 - Sludge Bomb,,,,
,Ability 2,Swift Swim,,,Ability 2,Swift Swim,40 - Aqua Tail,,Ability 2,Shell Armor,40 - Muddy Water,,,,
,Base Stats,,,,Base Stats,,44 - Baton Pass,,Base Stats,,44 - Baton Pass,,,,
,HP,35,,,HP,75(+20),50 - Protect,,HP,75(+20),50 - Protect,,,,
,Attack,64,,,Attack,114(+10),55 - Sucker Punch,,Attack,54(-30),55 - Sludge Wave,,,,
,Defense,85,,,Defense,105,,,Defense,105,,,,,
,Special Attack,74,,,Special Attack,54(-40),,,Special Attack,114(+10),,,,,
,Special Defense,55,,,Special Defense,75,,,Special Defense,75,,,,,
,Speed,32,,,Speed,92(+40),,,Speed,92(+40),,,,,
,Now learns TM33,,,,Evolves via Dusk Stone.,,,,Evolves via Dawn Stone.,,,,,,
,,,,,Now learns TM33,,,,"Now learns TM33, TM34, TM36",,,,,,
,,,,,,,,,,,,,,,
,,,,,,,,,,,,,,,
,Luvdisc,,Learnset,,,,,,,,,,,,
,,,1 - Water Gun,,,,,,,,,,,,
,,,8 - Confusion,,,,,,,,,,,,
,,,15 - Psybeam,,,,,,,,,,,,
,,,20 - BubbleBeam,,,,,,,,,,,,
,,,30 - Charm,,,,,,,,,,,,
,WATER,PSYCHIC,30 - Water Pulse,,,,,,,,,,,,
,Ability 1,Swift Swim,40 - Psychic,,,,,,,,,,,,
,Ability 2,Swift Swim,44 - Heart Swap,,,,,,,,,,,,
,Base Stats,,48 - Hydro Pump,,,,,,,,,,,,
,HP,63(+20),54 - Mist Ball,,,,,,,,,,,,
,Attack,30,60 - Hydro Cannon,,,,,,,,,,,,
,Defense,65(+10),65 - Psycho Boost,,,,,,,,,,,,
,Special Attack,110(+70),,,,,,,,,,,,,
,Special Defense,65,,,,,,,,,,,,,
,Speed,127(+30),,,,,,,,,,,,,
,"Now learns TM03, TM29, TM30, TM33",,,,,,,,,,,,,,
,,,,,,,,,,,,,,,
,,,,,,,,,,,,,,,
,Bagon,,Learnset,,Shelgon,,Learnset,,Salamence,,Learnset,,,,
,,,1 - Headbutt,,,,1 - Headbutt,,,,1 - Headbutt,,,,
,,,1 - Leer,,,,1 - Leer,,,,1 - Leer,,,,
,,,15 - DragonBreath,,,,15 - DragonBreath,,,,15 - DragonBreath,,,,
,,,22 - Crunch,,,,22 - Crunch,,,,22 - Crunch,,,,
,,,27 - Protect,,,,27 - Protect,,,,27 - Protect,,,,
,DRAGON,,35 - Dragon Claw,,DRAGON,,35 - Dragon Claw,,DRAGON,FLYING,35 - Dragon Claw,,,,
,Ability 1,Rock Head,40 - Roost,,Ability 1,Rock Head,40 - Roost,,Ability 1,Rock Head,40 - Roost,,,,
,Ability 2,Sheer Force,45 - Heat Wave,,Ability 2,Shell Armor,45 - Heat Wave,,Ability 2,Intimidate,45 - Heat Wave,,,,
,Base Stats,,55 - Aerial Ace,,Base Stats,,55 - Aerial Ace,,Base Stats,,55 - Aerial Ace,,,,
,HP,50(+5),58 - Tailwind,,HP,75(+10),58 - Tailwind,,HP,90(-5),58 - Tailwind,,,,
,Attack,75,62 - Draco Meteor,,Attack,95,62 - Draco Meteor,,Attack,135,62 - Draco Meteor,,,,
,Defense,60,67 - Dragon Rush,,Defense,100,67 - Dragon Rush,,Defense,80,67 - Dragon Rush,,,,
,Special Attack,40,70 - Outrage,,Special Attack,60,70 - Outrage,,Special Attack,110,70 - Outrage,,,,
,Special Defense,50(+20),75 - Brave Bird,,Special Defense,70(+20),75 - Brave Bird,,Special Defense,80,75 - Brave Bird,,,,
,Speed,50,,,Speed,50,,,Speed,105(+5),,,,,
,,,,,Evolves at level 27.,,,,Evolves at level 65.,,,,,,
,,,,,,,,,,,,,,,
,,,,,,,,,,,,,,,
,Beldum,,Learnset,,Metang,,Learnset,,Metagross,,Learnset,,,,
,,,1 - Take Down,,,,1 - Take Down,,,,1 - Take Down,,,,
,,,20 - Bullet Punch,,,,20 - Bullet Punch,,,,20 - Bullet Punch,,,,
,,,26 - Heart Stamp,,,,26 - Heart Stamp,,,,26 - Heart Stamp,,,,
,,,32 - Iron Head,,,,32 - Iron Head,,,,32 - Iron Head,,,,
,,,35 - ThunderPunch,,,,35 - ThunderPunch,,,,35 - ThunderPunch,,,,
,STEEL,PSYCHIC,35 - Ice Punch,,STEEL,PSYCHIC,35 - Ice Punch,,STEEL,PSYCHIC,35 - Ice Punch,,,,
,Ability 1,Clear Body,35 - Fire Punch,,Ability 1,Clear Body,35 - Fire Punch,,Ability 1,Clear Body,35 - Fire Punch,,,,
,Ability 2,Iron Fist,38 - Zen Headbutt,,Ability 2,Iron Fist,38 - Zen Headbutt,,Ability 2,Iron Fist,38 - Zen Headbutt,,,,
,Base Stats,,42 - Shadow Punch,,Base Stats,,42 - Shadow Punch,,Base Stats,,42 - Shadow Punch,,,,
,HP,40,50 - Hammer Arm,,HP,70(+10),50 - Hammer Arm,,HP,90(+10),50 - Hammer Arm,,,,
,Attack,80(+25),55 - Meteor Mash,,Attack,95(+20),55 - Meteor Mash,,Attack,135,55 - Meteor Mash,,,,
,Defense,80,65 - Heavy Slam,,Defense,100,65 - Heavy Slam,,Defense,130,65 - Heavy Slam,,,,
,Special Attack,35,,,Special Attack,55,,,Special Attack,85(-10),,,,,
,Special Defense,60,,,Special Defense,80,,,Special Defense,90,,,,,
,Speed,30,,,Speed,50,,,Speed,70,,,,,
,,,,,Evolves at level 27.,,,,Evolves at level 65.,,,,,,